"Bg"||"B"|||15|20|30|100|107|150|85|87|120|0|0|0|0|0|0|100|100|100|100|100|100|94|100|100|90|99|100|0.5|1.8|3|0|0|0|0|0|0.1|0|0.1|1|0|0.5|2|0.5|1.2|2|12|25.7|39.5|||||||60|72.5|85|0|0|0|1|2|3||||1.25|1.35|1.45||||1.75|1.8|2.06|2.65|0.01|0.21|0.42|0.09|0.12|0.14||||41.7|43.7|45.3|33|40.6|40.8|42|45|49|9|17|25|70|88|105|44|54|64|44|65|80|".17"|".17"|0|0|0|0|0|0|0|0|0|0|0|0|42.7|51.4|59.7||||15|22.5|30|5.6|5.8|7||||||||||17.8|28.5|34.1|||||||||||||||||||"Moderate"|"Moist"|"21851400"|"64440484"
"A"||"A"|||0|0|0|15|20|30|15|20|30|0|0|0|0|0|0|100|100|100|100|100|100|87|95|100|74|85|97|0.5|18.2|20|0|1.6|1.6|0|2.3|2.3|0|3.1|3.1|0|5.6|5.6|0.5|5.6|5.6|15|29.3|51.5|||||||40|52.5|65|0|0|0|1|4.5|8||||1.25|1.35|1.45||||1.58|1.68|1.74|2.65|0|0.21|0.42|0.16|0.19|0.22||||30.9|40.4|42.5|22.5|32.8|38.3|40|44|48|6|7.5|8.9|51|70|88|29|38|46|21|37|55|".20"|".20"|0|0|0|0|0|0|0|0|0|0|0|0|30.1|40|49||||21|39|58|5.6|6.5|7.3||||||||||10.1|20.4|30.8|||||||||||||||||||"Low"|"Moist"|"21851400"|"64440485"
"BCg"||"BC"|||100|107|150|130|152|152|30|45|45|0|0|0|0|0|0|100|100|100|100|100|100|94|100|100|90|99|100|0.5|1.8|3|0|0|0|0|0|0.1|0|0.1|1|0|0.5|2|0.5|1.2|2|12|25.7|39.5|||||||60|72.5|85|0|0|0|0.5|1.25|2||||1.3|1.4|1.5||||1.82|1.85|1.99|2.65|0.01|0.21|0.42|0.08|0.11|0.14||||38|42.5|44.1|32.9|40.4|43.8|40|44|48|9|17|25|69|86|103|44|54|64|44|64|79|".17"|".17"|0|0|0|0|0|0|0|0|0|0|0|0|41.7|50.6|58.9||||15|22.5|30|7.9|8.2|8.4||||||||||10.1|15.8|21.7|||||||||||||||||||"Moderate"|"Moist"|"21851400"|"64440486"
"C"||"C"||||18|||183|||165||0|0|0|0|0|0|100|100|100|95|97.5|100|75|85|95|30|47.5|65||68.5|||0.3|||4.7|||15.2|||29.8|||18.5|||21.5||||||||5|10|15||||0.5|0.75|1||||1.5|1.55|1.6||||1.57|1.62|1.69||4|23|42|0.14|0.16|0.18||||12.9|17.6|21.2|4.1|8|11.9|36|38|41|0|1.5|2.9|15|20|25|0|1.5|5|0|0|1|".28"|".28"|0|0|0|0|0|0|0|0|0|0|0|0|4|5.4|10||||2|6|10|6.1|7.3|8.4|||||||||||||||||||||||||||||||||"21851369"|"64440452"
"A"||"A"||||0|||18|||18||0|0|0|0|0|0|100|100|100|95|97.5|100|85|90|95|35|57.5|80||46.8|||4.7|||6.3|||8.3|||14.4|||13.1|||44.7||||||||7|8.5|10||||0.5|1.25|2||||1.4|1.45|1.5||||1.47|1.52|1.58||14|28|42|0.15|0.19|0.22||||19.3|22.1|24.4|4.6|6.6|8.6|39|42|44|0|1.5|2.9|15|20|25|0|1.5|5|0|0|2|".43"|".43"|0|0|0|0|0|0|0|0|0|0|0|0|4|4.6|8||||2|6|10|6.1|7.3|8.4|||||||||||||||||||||||||||||||||"21851369"|"64440453"
"Ap"||"A"|||0|0|0|8|10|20|8|10|20|0|0|0|0|0|0|100|100|100|100|100|100|84|92|100|69|81|95|4|22.1|30|0|3|4|0|3.5|5|0|4.1|5|2|6.2|8|1|5.3|8|6|27.9|52.9|||||||40|50|64|0|0|0|1|2|4||||1.15|1.33|1.5||||1.47|1.65|1.72|2.65|0.01|0.21|0.42|0.12|0.15|0.18||||32.1|40.4|42.8|22.3|28.6|37.9|40|46|53|6|7.5|8.9|48|57|66|25|32|39|16|27|43|".24"|".24"|0|0|0|0|0|0|0|0|0|0|0|0|35|47.5|60|35|40|60|15|25|35|4.5|5.5|6.5||||||||||16.5|28.1|40.1|||||||||||||||||||"Low"|"Moist"|"21851373"|"64440454"
"Bw1"||"B"||1|8|10|20|70|76|110|50|66|90|0|0|0|0|0|0|100|100|100|100|100|100|92|98|100|84|93|100|0.5|8.2|10|0|0.8|1|0|1|1.5|0|1.4|2|1|2.5|5|1|2.5|5|5|19.3|36.5|||||||60|72.5|85|0|0|0|0.5|0.75|1||||1.15|1.3|1.45||||1.46|1.61|1.68|2.65|0.01|0.21|0.42|0.12|0.15|0.18||||39.9|44.8|46.5|32|38.8|45.5|42|48|53|6|7.5|8.9|66|77.5|89|39|48|57|35|52|68|".17"|".17"|0|0|0|0|0|0|0|0|0|0|0|0|35|47.5|60|35|40|60|15|25|35|4.5|5.5|6.5||||||||||16.3|27.6|38.9|||||||||||||||||||"Moderate"|"Moist"|"21851373"|"64440455"
"Bw2"||"B"||2|70|76|110|120|127|180|50|51|70|0|0|0|0|0|0|100|100|100|100|100|100|91|98|100|82|93|100|0.5|8.9|10|0|0.8|1|0|1.1|1.5|0|1.5|3|1|2.7|5|1|2.8|8|5|21.1|40.9|||||||55|70|85|0|0|2|0.5|0.75|1||||1.15|1.3|1.45||||1.46|1.61|1.68|2.65|0.01|0.21|0.42|0.12|0.15|0.18||||41.9|44.4|46.5|29.4|37.5|45.5|42|48|53|6|7.5|8.9|62|77.5|89|36|46.5|57|31|50|68|".17"|".17"|0|0|0|0|0|0|0|0|0|0|0|0|30|40|50||||15|25|35|6.1|7.3|8.4||||||||||4.3|14.9|25.9|||||||||||||||||||"Moderate"|"Moist"|"21851373"|"64440456"
"C"||"C"|||120|127|180|203|203|203|76|76|100|0|0|0|0|0|0|100|100|100|100|100|100|87|99|100|74|94|100|0.5|8|10|0|0.2|0.5|0|0.5|1|0|0.9|2|1|2.5|5|1|3.9|8|20|52|84.3|||||||15|40|70|0|0|2|0.1|0.3|0.5||||1.15|1.35|1.55||||1.48|1.68|1.74|2.65|0.42|7|14|0.12|0.17|0.22||||20.4|30.5|38.2|8.1|21.7|37.8|39|46|54|6|7.5|8.9|26|46|66|8|23.5|39|3|24|46|".32"|".32"|0|0|0|0|0|0|0|0|0|0|0|0|10|25|40||||15|25|35|6.1|7.5|8.4||||||||||0|6.2|20.8|||||||||||||||||||"Moderate"|"Moist"|"21851373"|"64440457"
"Ap"||"A"|||0|0|0|8|10|20|8|10|20|0|0|0|0|0|0|100|100|100|100|100|100|84|92|100|69|81|95|4|22.1|30|0|3|4|0|3.5|5|0|4.1|5|2|6.2|8|1|5.3|8|6|27.9|52.9|||||||40|50|64|0|0|0|1|2|4||||1.15|1.33|1.5||||1.47|1.65|1.72|2.65|0.01|0.21|0.42|0.12|0.15|0.18||||32.1|40.4|42.8|22.3|28.6|37.9|40|46|53|6|7.5|8.9|48|57|66|25|32|39|16|27|43|".24"|".24"|0|0|0|0|0|0|0|0|0|0|0|0|35|47.5|60|35|40|60|15|25|35|4.5|5.5|6.5||||||||||16.5|28.1|40.1|||||||||||||||||||"Low"|"Moist"|"21851311"|"64440376"
"Bw1"||"B"||1|8|10|20|70|76|110|50|66|90|0|0|0|0|0|0|100|100|100|100|100|100|92|98|100|84|93|100|0.5|8.2|10|0|0.8|1|0|1|1.5|0|1.4|2|1|2.5|5|1|2.5|5|5|19.3|36.5|||||||60|72.5|85|0|0|0|0.5|0.75|1||||1.15|1.3|1.45||||1.46|1.61|1.68|2.65|0.01|0.21|0.42|0.12|0.15|0.18||||39.9|44.8|46.5|32|38.8|45.5|42|48|53|6|7.5|8.9|66|77.5|89|39|48|57|35|52|68|".17"|".17"|0|0|0|0|0|0|0|0|0|0|0|0|35|47.5|60|35|40|60|15|25|35|4.5|5.5|6.5||||||||||16.3|27.6|38.9|||||||||||||||||||"Moderate"|"Moist"|"21851311"|"64440377"
"Bw2"||"B"||2|70|76|110|120|127|180|50|51|70|0|0|0|0|0|0|100|100|100|100|100|100|91|98|100|82|93|100|0.5|8.9|10|0|0.8|1|0|1.1|1.5|0|1.5|3|1|2.7|5|1|2.8|8|5|21.1|40.9|||||||55|70|85|0|0|2|0.5|0.75|1||||1.15|1.3|1.45||||1.46|1.61|1.68|2.65|0.01|0.21|0.42|0.12|0.15|0.18||||41.9|44.4|46.5|29.4|37.5|45.5|42|48|53|6|7.5|8.9|62|77.5|89|36|46.5|57|31|50|68|".17"|".17"|0|0|0|0|0|0|0|0|0|0|0|0|30|40|50||||15|25|35|6.1|7.3|8.4||||||||||4.3|14.9|25.9|||||||||||||||||||"Moderate"|"Moist"|"21851311"|"64440378"
"C"||"C"|||120|127|180|203|203|203|76|76|100|0|0|0|0|0|0|100|100|100|100|100|100|87|99|100|74|94|100|0.5|8|10|0|0.2|0.5|0|0.5|1|0|0.9|2|1|2.5|5|1|3.9|8|20|52|84.3|||||||15|40|70|0|0|2|0.1|0.3|0.5||||1.15|1.35|1.55||||1.48|1.68|1.74|2.65|0.42|7|14|0.12|0.17|0.22||||20.4|30.5|38.2|8.1|21.7|37.8|39|46|54|6|7.5|8.9|26|46|66|8|23.5|39|3|24|46|".32"|".32"|0|0|0|0|0|0|0|0|0|0|0|0|10|25|40||||15|25|35|6.1|7.5|8.4||||||||||0|6.2|20.8|||||||||||||||||||"Moderate"|"Moist"|"21851311"|"64440379"
"Bkss"||"B"|||70|76|137|190|203|203|120|127|130|0|0|0|0|0|0|100|100|100|100|100|100|93|100|100|88|99|100|0.5|1.8|3|0|0|0|0|0|0.1|0|0.1|1|0|0.5|2|0.5|1.2|2|12|28.2|44.5|||||||55|70|85|0|1.8|3|0|0.25|0.5||||1.17|1.26|1.35||||1.75|1.85|2|2.65|0|0.21|0.42|0.12|0.15|0.18||||39.4|43.6|47.4|26.3|35.2|44.5|43|48|53|9|17|25|64|82|100|40|53|65|24|46|72|".20"|".20"|0|0|0|0|0|0|0|0|0|0|0|0|34.6|46.5|56.3||||16|33|50|6.1|7.3|8.4||||||||||0|3.9|8.9|||||||||||||||||||"Moderate"|"Moist"|"21851310"|"64440373"
"Bssg"||"B"|||10|15|25|70|76|137|60|61|66|0|0|0|0|0|0|100|100|100|100|100|100|93|100|100|88|99|100|0.5|1.8|3|0|0|0|0|0|0.1|0|0.1|1|0|0.5|2|0.5|1.2|2|12|28.2|44.5|||||||55|70|85|0|0|2|0.5|0.75|1||||1.17|1.29|1.4||||1.78|1.88|1.95|2.65|0|0.21|0.42|0.12|0.15|0.18||||42.1|44.6|46.7|29.3|37.4|45.4|44|48|53|9|17|25|65|83|101|40|52|65|43|60|79|".20"|".20"|0|0|0|0|0|0|0|0|0|0|0|0|38.7|48.3|57.6||||11|29|48|5.1|6.2|7.3||||||||||3.6|8.2|12.8|||||||||||||||||||"Moderate"|"Moist"|"21851310"|"64440374"
"Ap"||"A"|||0|0|0|10|15|25|10|15|25|0|0|0|0|0|0|100|100|100|100|100|100|93|100|100|78|87|97|10|18.7|25|0|0|0|0|0|0.1|0|0.8|2|3|7.1|14.1|5|10.8|12|38.8|56.3|70|||||||20|25|40|0|0|0|0.5|2.25|4||||1.35|1.53|1.7||||1.72|1.9|1.98|2.65|0.42|1|1.4|0.18|0.2|0.22||||28.2|32|37.8|12.9|18.4|29.6|32|39|45|6|7.5|8.9|33|42|59|14|18|29|9|16|35|".49"|".49"|0|0|0|0|0|0|0|0|0|0|0|0|16.2|20.6|31.5||||20|30|50|5.1|5.8|6.5||||||||||5|8.6|12.5|||||||||||||||||||"Low"|"Moist"|"21851310"|"64440375"
"Ap"||"A"|||0|0|0|10|15|25|10|15|25|0|0|0|0|0|0|100|100|100|100|100|100|91|100|100|85|99|100|0.5|1.8|3|0|0|0|0|0|0.1|0|0.1|1|0|0.5|2|0.5|1.2|2|17|38.2|59.5|||||||40|60|80|0|0|0|0.5|2.25|4||||1.2|1.38|1.55||||1.53|1.71|1.78|2.65|0|0.21|0.42|0.12|0.15|0.18||||33.8|41.1|44|22.1|34.6|39.6|38|44|51|6|7.5|8.9|45|60|75|29|44|58|24|47|65|".24"|".24"|0|0|0|0|0|0|0|0|0|0|0|0|20|35|50|20|34.6|51.3|7|21|41|4.5|5.3|6||||||||||4.8|12.5|20.5|||||||||||||||||||"Moderate"|"Moist"|"21851406"|"64440490"
"Bkss"||"B"|||70|76|137|190|203|203|120|127|130|0|0|0|0|0|0|100|100|100|100|100|100|93|100|100|88|99|100|0.5|1.8|3|0|0|0|0|0|0.1|0|0.1|1|0|0.5|2|0.5|1.2|2|12|28.2|44.5|||||||55|70|85|0|1.8|3|0|0.25|0.5||||1.17|1.26|1.35||||1.75|1.85|1.96|2.65|0|0.21|0.42|0.12|0.15|0.18||||39.4|43.6|47.4|26.3|35.2|44.5|43|48|53|9|17|25|45|65|80|40|53|65|23|46|72|".20"|".20"|0|0|0|0|0|0|0|0|0|0|0|0|34.6|46.5|56.3||||16|33|50|6.1|7.3|8.4||||||||||0|3.9|8.9|||||||||||||||||||"Moderate"|"Moist"|"21851406"|"64440491"
"Bssg"||"B"|||10|15|25|70|76|137|60|61|66|0|0|0|0|0|0|100|100|100|100|100|100|93|100|100|88|99|100|0.5|1.8|3|0|0|0|0|0|0.1|0|0.1|1|0|0.5|2|0.5|1.2|2|12|28.2|44.5|||||||55|70|85|0|0|2|0.5|0.75|1||||1.17|1.29|1.4||||1.78|1.88|1.95|2.65|0|0.21|0.42|0.12|0.15|0.18||||42.1|44.6|46.7|29.3|37.4|45.4|44|48|53|9|17|25|65|83|101|40|52|65|40|61|79|".20"|".20"|0|0|0|0|0|0|0|0|0|0|0|0|38.7|48.3|57.6||||11|29|48|5.1|6.2|7.3||||||||||3.6|8.2|12.8|||||||||||||||||||"Moderate"|"Moist"|"21851406"|"64440492"
"Ap"||"A"|||0|0|0|10|15|25|10|15|25|0|0|0|0|0|0|100|100|100|100|100|100|91|100|100|85|99|100|0.5|1.8|3|0|0|0|0|0|0.1|0|0.1|1|0|0.5|2|0.5|1.2|2|17|38.2|59.5|||||||40|60|80|0|0|0|0.5|2.25|4||||1.2|1.38|1.55||||1.53|1.71|1.78|2.65|0|0.21|0.42|0.12|0.15|0.18||||33.8|41.1|44|22.1|34.6|39.6|38|44|51|6|7.5|8.9|45|60|75|29|44|58|24|47|65|".24"|".24"|0|0|0|0|0|0|0|0|0|0|0|0|20|35|50|20|34.6|51.3|7|21|41|4.5|5.3|6||||||||||4.8|12.5|20.5|||||||||||||||||||"Moderate"|"Moist"|"21851404"|"64440487"
"Bkss"||"B"|||70|76|137|190|203|203|120|127|130|0|0|0|0|0|0|100|100|100|100|100|100|93|100|100|88|99|100|0.5|1.8|3|0|0|0|0|0|0.1|0|0.1|1|0|0.5|2|0.5|1.2|2|12|28.2|44.5|||||||55|70|85|0|1.8|3|0|0.25|0.5||||1.17|1.26|1.35||||1.75|1.85|1.96|2.65|0|0.21|0.42|0.12|0.15|0.18||||39.4|43.6|47.4|26.3|35.2|44.5|43|48|53|9|17|25|45|65|80|40|53|65|23|46|72|".20"|".20"|0|0|0|0|0|0|0|0|0|0|0|0|34.6|46.5|56.3||||16|33|50|6.1|7.3|8.4||||||||||0|3.9|8.9|||||||||||||||||||"Moderate"|"Moist"|"21851404"|"64440488"
"Bssg"||"B"|||10|15|25|70|76|137|60|61|66|0|0|0|0|0|0|100|100|100|100|100|100|93|100|100|88|99|100|0.5|1.8|3|0|0|0|0|0|0.1|0|0.1|1|0|0.5|2|0.5|1.2|2|12|28.2|44.5|||||||55|70|85|0|0|2|0.5|0.75|1||||1.17|1.29|1.4||||1.78|1.88|1.95|2.65|0|0.21|0.42|0.12|0.15|0.18||||42.1|44.6|46.7|29.3|37.4|45.4|44|48|53|9|17|25|65|83|101|40|52|65|40|61|79|".20"|".20"|0|0|0|0|0|0|0|0|0|0|0|0|38.7|48.3|57.6||||11|29|48|5.1|6.2|7.3||||||||||3.6|8.2|12.8|||||||||||||||||||"Moderate"|"Moist"|"21851404"|"64440489"
"BC"||"BC"|||40|50|60|55|63|70||13||0|0|0|0|0|0|100|100|100|100|100|100|99|99|100|85|92.5|100|15|16.3|30|0.1|0.2|2|0.1|1|2.5|0.2|1|3.5|0.9|2|10|10|12.1|30|50|68.7|75|40|56.8|60|10|11.9|20|10|15|27|0|0|0|0|0.25|0.5||||1.3|1.37|1.65||||1.38|1.45|1.73||1.41|7.76|14.11|0.2|0.21|0.22||||20.9|26.4|30.4|5.5|10.7|16|36|46|48|0.9|1.5|3.6|21|26|38|6|10|19|2|10|20|".55"|".55"|0|0|0|0|0|0|0|0|0|0|0|0|7.6|12.1|21.2||||1.1|11.4|22.7|5.1|7|8.4||||||||||0|2.3|16.5|||||||||||||||||||"Low"|"Moist"|"21851290"|"64440350"
"2C"|2|"C"|||55|63|70|200|203|203||140||0|0|0|0|0|0|100|100|100|100|100|100|99|99|100|85|92.5|100|55|68|70|0.1|1|2|0.1|2|2.5|0.9|3|3.5|15|17|40|40|45|60|10|22|35|5|10|10|2|12|30|10|10|20|0|0|0|0|0.25|0.5||||1.3|1.4|1.65||||1.39|1.49|1.74||1.41|7.76|14.11|0.2|0.21|0.22||||16.1|21.7|26|6.4|12.6|18.6|36|45|48|0.9|0.9|2.4|21|21|31|6|6|13|2|10|20|".55"|".55"|0|0|0|0|0|0|0|0|0|0|0|0|7.6|8.4|16.2||||1.1|7.4|17.7|5.1|7.4|8.4||||||||||0|0|14|||||||||||||||||||"Low"|"Moist"|"21851290"|"64440351"
"Ap"||"A"|||0|0|0|10|15|25||15||0|0|0|0|0|0|100|100|100|100|100|100|100|100|100|100|100|100|0.6|1.4|2|0|0.1|0.1|0|0.1|0.1|0|0.2|0.2|0|0.2|1|0|0.8|1|49.3|57.5|59|5|8|10|40|49.5|55|40|41.1|50.1|0|0|0|0.5|2.25|4||||1.2|1.43|1.5||||1.66|1.89|2.02||0.42|0.92|1.41|0.12|0.14|0.2||||30.8|34|36.8|22.3|28.4|34.4|40|42|51|7.3|8.7|11.4|51|57|69|29|30|36|32|41|49|".32"|".32"|0|0|0|0|0|0|0|1|1|0|0|0|30.2|37.3|43.6||||11|34.2|42.7|5.6|6.5|7.3||||||||||9.9|18.1|26.5|||||||||||||||||||"High"|"Moist"|"21851290"|"64440352"
"Bw"||"B"|||10|15|25|40|50|60||35||0|0|0|0|0|0|100|100|100|100|100|100|100|100|100|100|100|100|0.6|1.4|2.1|0|0.1|0.1|0|0.1|0.1|0|0.2|0.2|0|0.2|1|0|0.8|1|49.3|57.5|59|5|8|10|40|49.5|55|40|41.1|50.1|0|0|0|0.5|0.75|1||||1.2|1.32|1.6||||1.61|1.73|1.84||0.42|0.92|1.41|0.12|0.14|0.2||||30.5|32.8|34.8|21.7|25.9|30.1|37|47|52|7.3|8.5|10.9|51|53|63|29|30|37|32|40|48|".37"|".37"|0|0|0|0|0|0|0|0|0|0|0|0|30.2|35.8|41.3||||9|29.6|42.8|5.6|6.7|7.8||||||||||7.4|15.8|24.1|||||||||||||||||||"High"|"Moist"|"21851290"|"64440353"
"C"||"C"|||0|0|0|203|203|203|203|203|203|0|0|0|0|1|3|85|95|98|44|82|98|34|63|77|3|7|10||95|||0.7|||13|||36.8|||37.4|||7.1|||1.5||||||||2|3.5|5||||0|0.25|0.5||||1.5|1.55|1.6|||||1.64|||14.11|77.63|141.14|0.02|0.04|0.05||10.1|||6.9|||2.1|||30||0.1|0.2|0.4|0|16|19|0|1|2|0|0|0|".05"|".05"|0|1|2|0|0|0|0|0|0|0|0|0||||||||||6.6|7.2|7.8|||||||||||||||||||||||||||||||||"21851289"|"64440349"
"Bssg3"||"B"||3|100|104|180|200|213|230|100|109|130|0|0|0|0|0|0|100|100|100|100|100|100|96|96|100|87|96|100|0.5|0.8|5|0|0|0|0|0.1|0.2|0|0.2|0.2|0|0.2|0.3|0.2|0.3|1|6.5|23.7|39.5|1|3.5|6|5.5|20.2|33.5|60|75.5|90|0|0|0|0|0.25|0.5||||1.08|1.12|1.7||||1.75|1.75|1.79||0.42|0.92|1.41|0.15|0.17|0.19||||31.4|48.9|50.9|29.5|37.3|44.5|33|54|55|11.5|16.9|21.9|70|87|103|44|57|68|42|64|82|".15"|".15"|0|3|5|0|0|0|0|0|0|0|1.2|2|37.3|49.7|59.1||||34.7|77.8|92.4|6.6|7.3|8.4|6.6|7.3|7.8|||||||0|4.1|7.3|||||||||||||||||||||"21851288"|"64440345"
"A"||"A"|||0|0|0|0|25|30|0|25|30|0|0|0|0|0|0|100|100|100|100|100|100|82|92|100|71|81|91|0.5|1.4|30|0|0|0.1|0|0.2|0.4|0|0.4|0.5|0|0.3|0.9|0.3|0.5|1|30|50|59|0|5|10|0|45|50|40|48.6|60|0|0|0|0.5|2.25|4||||1|1.11|1.5||||1.7|1.71|1.85||0|0.21|0.42|0.17|0.19|0.21||||29.5|32.7|36|20|25.7|32.6|39|53|57|9.7|20.8|21.3|61|100|104|37|63|63|26|57|69|".28"|".28"|0|0|0|0|0|0|0|0|0|0|0.7|1|35.6|58.7|60.3||||32.3|56.3|61.8|5.1|6.8|8.4|3.5|4.8|5|||||||0|7.3|14.3|||||||||||||||||||||"21851288"|"64440346"
"Bssg1"||"B"||1|0|25|30|50|76|90|50|51|60|0|0|0|0|0|0|100|100|100|100|100|100|85|100|100|84|99|100|0.5|0.8|2|0|0|0.1|0|0|0.2|0|0|0.2|0|0.2|0.5|0.3|0.6|1|9.9|23.1|34.5|1|3.9|6|8.9|19.2|28.5|65|76.1|90|0|0|0|0|0.25|0.5||||1|1.08|1.5||||1.65|1.71|1.73||0|0.21|0.42|0.15|0.17|0.19||||38|49.6|51.7|31.3|36.8|43.7|40|55|57|12.8|17.1|21.9|75|87|103|48|57|68|44|67|82|".17"|".17"|0|3|5|0|0|0|0|0|0|0|1|1.1|40|50|59.1||||35.5|78.1|92.4|5.6|7|8.4|3.5|5.1|5.5|||||||0|5.2|10.8|||||||||||||||||||||"21851288"|"64440347"
"Bssg2"||"B"||2|50|76|90|100|104|180|10|28|80|0|0|0|0|0|0|100|100|100|100|100|100|63|96|100|54|87|100|0.3|0.6|2|0|0|0|0|0.1|0.2|0|0.2|0.2|0|0.1|0.3|0.1|0.2|0.6|8|22.5|38.3|1|3.3|6|7|19.2|32.3|60|76.9|90|0|0|0|0|0.25|0.5||||1|1.05|1.69||||1.64|1.68|1.69||0.42|0.92|1.41|0.14|0.16|0.18||||31.4|50.2|52.2|28.4|36.6|43|33|55|57|11.5|17.3|21.9|70|88|103|44|58|68|19|57|82|".15"|".15"|0|3|5|0|0|0|0|0|0|0|3.1|4|37.3|50.5|59.1||||34.7|78.6|92.4|6.6|8.4|8.4|5.1|6.5|7.3|||||||0|0.3|7.3|||||||||||||||||||||"21851288"|"64440348"
"Bw"||"B"|||10|15|30|40|56|150||41||0|0|0|0|0|0|100|100|100|100|100|100|92|100|100|67|79|93|20|25|39|0|0|0.1|0|0|0.6|0|0.2|0.2|5|11.4|30|10|13.4|25|50|58.8|66|32|37.5|39|15|21.3|30|5|16.2|27|0|0|0|0.5|0.75|1||||1.4|1.44|1.48||||1.47|1.51|1.72|2.61|1.41|2.82|4.23|0.2|0.21|0.22||||24.6|26.1|34.9|8.7|10.3|23.7|41|43|44|0.4|1.7|3.6|17|28|39|2|10|19|0|6|18|".55"|".55"|0|0|0|0|0|0|0|0|0|0|0|0|4.6|13.6|21.7||||3|12.3|31.8|6.1|6.8|8.4||||||||||0|4.3|11.9|||||||||||||||||||||"21851287"|"64440340"
"BC"||"BC"|||40|56|150|60|86|160||30||0|0|0|0|0|0|100|100|100|100|100|100|93|100|100|79|89|100|15|19.9|20|0|0|0.1|0|0|0.1|0|0.1|0.2|0|3.5|10|10|16.3|25|41|47.1|58|20|21.9|39|20|25.2|30|27|33|39|0|0|0|0.5|0.75|1||||1.44|1.48|1.52||||1.66|1.7|1.77|2.59|1.41|7.76|14.11|0.2|0.2|0.23||||24.8|33.2|35.3|9|20.5|24.3|39|41|42|3.6|4.8|6.1|38|44|51|19|23|28|14|21|31|".37"|".37"|0|0|0|0|0|0|0|0|0|0|0|0|21.2|25.8|30.3||||6.2|25.1|31.8|6.6|7|8.4||||||||||0|9.3|13.7|||||||||||||||||||||"21851287"|"64440341"
"C1"||"C"||1|60|86|160|100|122|180||36||0|0|0|0|0|0|100|100|100|100|100|100|93|100|100|79|90|100|15|19.3|20|0|0|0.1|0|0|0.1|0|0.1|0.2|0|2.9|5|10|16.3|25|41|47.1|58|20|21.9|39|20|25.2|30|27|33.6|39|0|0|0|0.25|0.5|0.75||||1.41|1.44|1.47||||1.63|1.66|1.72|2.59|1.4|7.7|14|0.2|0.22|0.23||||24.8|32.9|34.8|9|20|23.4|41|42|43|3.5|4.8|6|37|44|50|19|24|28|13|22|31|".37"|".37"|0|0|0|0|0|0|0|0|0|0|0|0|20.6|25.8|29.9||||2.6|27.3|31.4|6|7.8|8.4||||||||||0|5.2|16.4|||||||||||||||||||||"21851287"|"64440342"
"C2"||"C"||2|100|122|180|200|203|250||81||0|0|0|0|0|0|100|100|100|100|100|100|95|100|100|92|99|100|0|1.4|5|0|0|0.1|0|0|0.1|0|0|0.2|0|0.1|0.2|0|1.3|5|42.3|56.5|60|20|35.4|39|20|21.1|30|40|42.1|57.5|0|0|0|0.25|0.5|0.75||||1.33|1.39|1.45||||1.62|1.68|1.88|2.58|1.4|7.7|14|0.2|0.21|0.23||||29|31.3|35.6|19.1|23.2|31.8|42|44|46|6|6.6|10.3|50|53|68|29|30|42|28|33|49|".32"|".32"|0|0|0|0|0|0|0|0|0|0|0|0|29.4|31.6|42.5||||13.3|33.1|44.7|6|7.8|8.4||||||||||3.9|8.1|22.6|||||||||||||||||||||"21851287"|"64440343"
"Ap"||"A"|||0|0|0|10|15|30||15||0|0|0|0|0|0|100|100|100|100|100|100|96|100|100|84|90|98|5|9.4|20|0|0|0.1|0|0|1|0|0|0.2|1|2.9|3.7|5|6.5|15|40|48.6|49|20|23.3|30|20|25.3|30|40|42|49|0|0|0|0.5|2.25|4||||1.27|1.35|1.43||||1.47|1.55|1.62|2.57|1.41|2.82|4.23|0.15|0.17|0.19||||29.9|32.9|35.9|15.2|19.9|25.6|42|45|48|3.6|4.7|6.3|38|46|57|19|22|28|15|21|32|".24"|".24"|0|0|0|0|0|0|0|0|0|0|0|0|21.2|26.2|32||||7.1|23.8|33.5|5.6|6.6|8.4||||||||||0|12.1|20.7|||||||||||||||||||||"21851287"|"64440344"
"C"||"C"|||10|15|20|200|203|203||188||0|0|0|0|0|0|100|100|100|100|100|100|66|76|91|3|5|11|90|98.7|99|0|0.7|1|0|13.5|20|1|38.2|40|30|38.9|93|2|7.4|10|0|1|9|0.2|0.5|2|0|0.5|1|0.2|0.3|8|0|0|0|0.05|0.1|0.2||||1.63|1.65|1.67||||1.67|1.68|1.71||42|92|141|0.02|0.04|0.06|6.9|7.9|16.3|3.1|3.9|12.9|0.2|0.4|6.1|35|36|36|0|0|0.6|0|0|19|0|0|4|0|0|0|".02"|".02"|0|0|0|0|0|0|0|0|0|0|0|0|0.2|0.3|5.6||||0.1|3|7.1|5.6|7|8.4||||||||||0|0|3.2|||||||||||||||||||"Low"|"Moist"|"21851286"|"64440338"
"A"||"A"|||0|0|0|10|15|20||15||0|0|0|0|0|0|100|100|100|100|100|100|66|76|91|3|5|12|70|83|85|0|0.7|1|0|10.9|20|1|31|34|30|32|34|2|8.4|10|5|12|20|0.2|4|5|0|8|10|0.2|5|10|0|0|0|0.1|0.2|0.5||||1.62|1.66|1.71||||1.68|1.68|1.72||42|92|141|0.02|0.04|0.06|9.2|18.8|23|4.1|13|18|0.3|4.1|8.3|34|35|37|0|0.4|0.9|0|17|22|0|2|6|0|0|0|".05"|".05"|0|0|0|0|0|0|0|0|0|0|0|0|0.2|3.7|7.4||||0.1|3.6|8.9|5.6|7|8.4||||||||||0|0.5|3.8|||||||||||||||||||"Low"|"Moist"|"21851286"|"64440339"
"Bt"||"B"||||43|||61|||18||0|0|0|0|0|0|100|100|100|100|100|100|95|97.5|100|70|80|90|0.5|7.1|15||0.4|||0.6|||1|||2.2|||2.9|||65.4||||||||20|27.5|35||||0.5|0.75|1||||1.3|1.43|1.55||||1.5|1.63|1.7|2.67|1.4|2.7|4|0.16|0.19|0.22||||27.6|30.9|33.6|12.1|16.7|21.2|39|43|48|3|4.5|5.9|30|36.5|43|11|15.5|20|5|11|19|".49"|".49"|0|0|0|0|0|0|0|0|0|0|0|0|10|20|30||||3.8|16.7|28.8|5.1|5.6|6||||||||||4.4|7.7|11.4|||||||||||||||||||||"21851305"|"64440369"
"2C"|2|"C"||||132|||152|||20||0|0|0|0|0|0|100|100|100|100|100|100|95|97.5|100|75|85|95|0.5|1.8|3||0.2|||0.3|||0.3|||0.5|||0.5|||48.2||||||||40|50|60||||0.5|0.75|1||||1.2|1.35|1.5||||1.53|1.68|1.74|2.69|0.42|1|1.4|0.14|0.17|0.2||||30.6|33.5|36.2|21.9|27.5|33|41|46|52|6|7.5|8.9|50|57.5|65|20|32.5|40|16|30|43|".28"|".28"|0|0|0|0|0|0|0|0|0|0|0|0|15|25|35||||8.6|23.7|36.5|5.1|6.8|8.4||||||||||0|5.2|12.4|||||||||||||||||||||"21851305"|"64440370"
"2BC"|2|"BC"||||61|||132|||71||0|0|0|0|0|0|100|100|100|100|100|100|95|97.5|100|75|85|95|0.5|1.8|3||0.1|||0.1|||0.2|||0.6|||0.8|||48.2||||||||40|50|60||||0.5|0.75|1||||1.2|1.35|1.5||||1.53|1.68|1.74|2.69|0.42|1|1.4|0.14|0.17|0.2||||30.6|33.5|36.2|21.9|27.5|33|41|46|52|6|7.5|8.9|50|57.5|65|25|32.5|40|19|30|43|".28"|".28"|0|0|0|0|0|0|0|0|0|0|0|0|15|25|35||||7.6|23.6|36.5|5.1|6.5|7.8||||||||||0.1|6.1|12.4|||||||||||||||||||||"21851305"|"64440371"
"Ap"||"A"||||0|||43|||43||0|0|0|0|0|0|100|100|100|100|100|100|70|82.5|95|50|70|90|1|13.7|20||0.1|||0.4|||1|||3.9|||8.3|||69.3||||||||7|17|27||||0.5|1.25|2||||1.3|1.43|1.55||||1.37|1.5|1.56|2.65|4|9|14|0.16|0.19|0.22||||19.7|27|31.7|4.7|11.4|18|39|43|48|0|1.5|2.9|20|27.5|35|2|8.5|15|0|3|13|".49"|".49"|0|0|0|0|0|0|0|0|0|0|0|0|5|10|15||||2.2|7.2|12.7|5.1|5.6|6||||||||||3.3|6|9|||||||||||||||||||||"21851305"|"64440372"
"Ap"||"A"||||0|||43|||43||0|0|0|0|0|0|100|100|100|100|100|100|89|99|100|81|91|100|1|13.7|||0.1|||0.4|||1|||3.9|||8.3|||69.3||||||||7|17|27||||0.5|1.25|2||||1.3|1.43|1.55||||1.37|1.5|1.56|2.65|4|9|14|0.16|0.19|0.22||||19.7|27|31.7|4.7|11.4|18|39|43|48|0|1.5|2.9|20|27.5|35|2|8.5|15|0|3|13|".43"|".43"|0|0|0|0|0|0|0|0|0|0|0.8|1|5|10|15||||2.2|7.2|12.7|5.1|5.6|6||||||||||3.3|6|9|||||||||||||||||||||"21851398"|"64440480"
"Bt"||"B"||||43|||61|||18||0|0|0|0|0|0|100|100|100|100|100|100|91|99|100|87|95|100|0.5|7.1|||0.4|||0.6|||1|||2.2|||2.9|||65.4||||||||20|27.5|35||||0.5|0.75|1||||1.3|1.43|1.55||||1.5|1.63|1.7|2.67|1.4|2.7|4|0.16|0.19|0.22||||27.6|30.9|33.6|12.1|16.7|21.2|39|43|48|3|4.5|5.9|30|36.5|43|11|15.5|20|5|11|19|".37"|".37"|0|0|0|0|0|0|0|0|0|0|0.8|1|10|20|30||||3.8|16.7|28.8|5.1|5.6|6||||||||||4.4|7.7|11.4|||||||||||||||||||||"21851398"|"64440481"
"2BC"|2|"BC"||||61|||132|||71||0|0|0|0|0|0|100|100|100|100|100|100|90|100|100|89|99|100|0.5|1.8|3||0.1|||0.1|||0.2|||0.6|||0.8|||48.2||||||||40|50|60||||0.5|0.75|1||||1.2|1.35|1.5||||1.53|1.68|1.74|2.69|0.42|1|1.4|0.14|0.17|0.2||||30.6|33.5|36.2|21.9|27.5|33|41|46|52|6|7.5|8.9|50|57.5|65|25|32.5|40|19|30|43|".32"|".32"|0|0|0|0|0|0|0|0|0|0|0.8|1|15|25|35||||7.6|23.6|36.5|5.1|6.5|7.8||||||||||0.1|6.1|12.4|||||||||||||||||||||"21851398"|"64440482"
"2C"|2|"C"||||132|||152|||20||0|0|0|0|0|0|100|100|100|100|100|100|90|100|100|89|99|100|0.5|1.8|3||0.1|||0.1|||0.2|||0.6|||0.8|||48.2||||||||40|50|60||||0.5|0.75|1||||1.2|1.35|1.5||||1.53|1.68|1.74|2.69|0.42|1|1.4|0.14|0.17|0.2||||30.6|33.5|36.2|21.9|27.5|33|41|46|52|6|7.5|8.9|50|57.5|65|20|32.5|40|16|30|43|".32"|".32"|0|0|0|0|0|0|0|0|0|0|0.8|1|15|25|35||||8.6|23.7|36.5|5.1|6.8|8.4||||||||||0|5.2|12.4|||||||||||||||||||||"21851398"|"64440483"
"Bt"||"B"||||20|||89|||69||0|0|0|0|0|0|100|100|100|100|100|100|100|100|100|90|95|100|0.5|6.8|25|0|0|0.5|0|0|1|0|0.2|5|1|1.9|8|2|4.7|20|45.9|66.7|87.4|||||||18|26.5|35||||0.5|0.75|1||||1.3|1.5|1.7||||1.51|1.71|1.78|2.66|4|9|14|0.2|0.21|0.22||||27.1|31|34.2|11.5|16.9|22.3|33|41|48|3|4.5|5.9|28|34|40|8|12.5|17|6|12|18|".49"|".49"|0|0|0|0|0|0|0|0|0|0|0|0|5|15|25||||2.1|11.9|24.4|5.1|5.6|6||||||||||3.3|6.7|10.4|||||||||||||||||||||"21851366"|"64440449"
"BC"||"BC"||||89|||183|||94||0|0|0|0|0|0|100|100|100|100|100|100|100|100|100|75|87.5|100|1|13.6|35|0|0.1|0.5|0|0.4|1|0|1|5|1|3.9|8|4|8.2|30|42.4|68.9|95.4|||||||8|17.5|27||||0|0.25|0.5||||1.3|1.5|1.7||||1.37|1.57|1.77|2.67|4|9|14|0.18|0.2|0.22||||19.9|26.5|31|4.8|10.8|16.9|34|41|48|0|1.5|2.9|23|34|45|4|12.5|21|1|10|23|".55"|".55"|0|3|5|0|0|0|0|0|0|0|0|0|5|15|25||||1.9|43.1|58.3|4.5|6.5|8.4||||||||||0|3.7|11.8|||||||||||||||||||||"21851366"|"64440450"
"A"||"A"||||0|||20|||20||0|0|0|0|0|0|100|100|100|100|100|100|100|100|100|90|95|100|1|13.6|25|0|0.1|0.5|0|0.4|1|0|1|5|1|3.9|8|4|8.2|20|47.4|68.9|90.4|||||||8|17.5|27||||0.5|2.25|4||||1.3|1.5|1.7||||1.37|1.57|1.77|2.63|4|9|14|0.21|0.22|0.23||||20.9|28.8|33.8|5.5|13.6|21.6|32|40|47|0|1.5|2.9|15|23|31|0|5|10|0|2|10|".37"|".37"|0|0|0|0|0|0|0|0|0|0|0|0|4|9.5|15||||1.7|7.7|15|5.1|6.2|7.3||||||||||0|4.8|10.3|||||||||||||||||||||"21851366"|"64440451"
"A"||"A"||||0|||23|||23||0|0|0|0|0|0|100|100|100|100|100|100|95|97.5|100|90|95|100||14.2|||0.1|||0.4|||1|||4.1|||8.6|||72.3||||||||9|13.5|18||||0.5|1.25|2||||1.35|1.4|1.45||||1.41|1.46|1.53|2.64|4|9|14|0.2|0.22|0.23||||21.2|25|28|5.7|9.2|12.7|42|44|46|0|1.5|2.9|15|24.5|34|0|4.5|9|0|2|10|".55"|".55"|0|0|0|0|0|0|0|0|0|0|0|0||||5|10|15|3.4|8.6|11.5|4.5|5.3|6||||||||||0.3|5.4|11|||||||||||||||||||||"21851363"|"64440445"
"Eg"||"E"||||23|||79|||56||0|0|0|0|0|0|100|100|100|100|100|100|95|97.5|100|90|95|100||14|||0.1|||0.4|||1|||4|||8.5|||71||||||||12|15|18||||0.5|0.75|1||||1.4|1.45|1.5||||1.47|1.52|1.58|2.65|4|9|14|0.2|0.22|0.23||||23.5|25.5|27.3|7.7|9.7|11.8|41|42|44|0|1.5|2.9|22|31|40|3|9|15|0|8|17|".55"|".55"|0|0|0|0|0|0|0|0|0|0|0|0||||5|10|15|3.1|8.8|11.9|4.5|5|5.5||||||||||3.2|6.4|9.6|||||||||||||||||||||"21851363"|"64440446"
"Btgx"||"B"||||79|||152|||73||0|0|0|0|0|0|100|100|100|100|100|100|95|97.5|100|90|95|100||7.3|||0.4|||0.6|||1|||2.3|||3|||64.7||||||||18|28|32||||0|0.25|0.5||||1.45|1.53|1.6||||1.52|1.6|1.67|2.67|0.42|1|1.4|0.14|0.16|0.17||||26.7|31.4|33.1|11|17.5|20.3|37|40|43|0|1.5|2.9|30|36|42|9|12.5|16|7|12|18|".49"|".49"|0|0|0|0|0|0|0|0|0|0|0|0||||10|15|20|5.2|13.6|19.5|4.5|5|5.5||||||||||3.6|8.1|11.5|||||||||||||||||||||"21851363"|"64440447"
"BCg"||"BC"||||152|||203|||51||0|0|0|0|0|0|100|100|100|100|100|100|95|97.5|100|90|95|100||14.2|||0.1|||0.4|||1|||4.1|||8.6|||71.8||||||||8|14|20||||0|0.25|0.5||||1.35|1.45|1.55||||1.42|1.52|1.58|2.66|1.4|2.7|4|0.2|0.22|0.23||||19.7|24.3|27.7|4.6|8.5|12.3|39|43|46|0|1.5|2.9|20|28.5|42|3|6.5|16|0|5|18|".64"|".64"|0|0|0|0|0|0|0|0|0|0|0|0|10|15|20||||5.3|13.8|21.5|5.1|6.5|7.8||||||||||0|3.7|9|||||||||||||||||||||"21851363"|"64440448"
"A"||"A"||||0|||25|||25||0|0|0|0|0|0|100|100|100|100|100|100|100|100|100|75|87.5|100|1|11.7|||0.2|||0.4|||0.9|||3.5|||6.7|||69.8||||||||10|18.5|27||||0.5|1.25|2||||1.3|1.48|1.65||||1.37|1.55|1.72|2.65|4|9|14|0.15|0.18|0.2||||22.3|28|32.1|6.6|12.7|18.6|35|41|48|0|1.5|2.9|15|21|27|0|3.5|7|0|0|6|".43"|".43"|0|0|0|0|0|0|0|0|0|0|0|0|4|9.5|15||||1.8|8.1|15|5.1|6.2|7.3||||||||||0|4.1|9|||||||||||||||||||||"21851392"|"64440477"
"Bt"||"B"||||25|||94|||69||0|0|0|0|0|0|100|100|100|100|100|100|100|100|100|85|92.5|100|0.5|7.4|||0.4|||0.6|||1|||2.3|||3.1|||64.6||||||||14|28|35||||0.5|0.75|1||||1.3|1.5|1.7||||1.51|1.71|1.78|2.67|1.4|2.7|4|0.15|0.18|0.2||||24.9|31.6|34.2|9.1|17.8|22.3|33|41|48|3|4.5|5.9|31|38|45|11|16.5|22|8|15|24|".49"|".49"|0|0|0|0|0|0|0|0|0|0|0|0|4|14.5|25||||1.6|12.1|22.7|5.1|5.8|6.5||||||||||1.7|6|10.4|||||||||||||||||||||"21851392"|"64440478"
"BC"||"BC"||||94|||183|||89||0|0|0|0|0|0|100|100|100|100|100|100|90|95|100|60|80|100|15|63.9|||0|||2.3|||13.8|||32|||15.8|||17.1||||||||10|19|35||||0|0.25|0.5||||1.3|1.5|1.7||||1.37|1.57|1.77|2.67|4|9|14|0.15|0.18|0.2||||16.4|22.2|29.3|6.8|13.2|24.3|34|41|48|0|1.5|2.9|22|31|40|3|10.5|18|0|7|19|".20"|".20"|0|0|0|0|0|0|0|0|0|0|0|0|4|14.5|25||||2.1|13.3|26.5|5.1|6.5|7.8||||||||||0|3.6|10.1|||||||||||||||||||||"21851392"|"64440479"
"Btg1"||"B"||1||41|||74|||33||0|0|0|0|0|0|100|100|100|100|100|100|95|97.5|100|85|92.5|100|5|17|35|0|0.5|1|0|1|2|0|1.9|5|1|5.4|20|5|8.2|20|18|40.5|63|||||||35|42.5|50||||0.5|0.75|1||||1.2|1.38|1.55||||1.53|1.71|1.78|2.64|0.01|0.21|0.42|0.19|0.2|0.21||||29.1|31.6|33.8|19.4|23.7|28|39|45|52|6|7.5|8.9|38|50.5|60|20|27.5|35|16|28|40|".32"|".32"|0|0|0|0|0|0|0|0|0|0|0|0|12|18|24||||2|6|10|4.5|6.5|8.4||||||||||0|4.7|11.9|||||||||||||||||||||"21851390"|"64440474"
"A"||"A"||||0|||41|||41||0|0|0|0|0|0|100|100|100|100|100|100|95|97.5|100|80|90|100|20|27.1|35|0|2.2|3|1|3.1|5|1|4.4|10|5|8.5|20|5|8.9|20|38.4|54.4|70.4|||||||10|18.5|27||||0.5|1.25|2||||1.3|1.48|1.65||||1.37|1.55|1.72|2.63|1.4|2.7|4|0.2|0.22|0.23||||22.3|28|32.1|6.6|12.7|18.6|35|41|48|0|1.5|2.9|15|22.5|30|0|5|10|0|2|9|".49"|".49"|0|0|0|0|0|0|0|0|0|0|0|0|4|7|10||||5|16|24|5.1|6.8|8.4||||||||||0|1.9|8|||||||||||||||||||||"21851390"|"64440475"
"Btg2"||"B"||2||74|||152|||78||0|0|0|0|0|0|100|100|100|100|100|100|95|97.5|100|85|92.5|100|20|29.3|60|0|2.6|5|1|3|5|2|5.5|10|5|10|40|5|8.2|35|0|29.7|68.2|||||||18|41|55||||0|0.25|0.5||||1.3|1.48|1.65||||1.51|1.69|1.76|2.65|0.42|1|1.4|0.2|0.21|0.22||||22.1|35.5|38.1|9.9|22.8|30.7|36|42|48|3|4.5|5.9|38|49|60|8|19|30|8|21|36|".24"|".24"|0|0|0|0|0|0|0|0|0|0|0|0|12|19|26||||5|16|24|4.5|6.5|8.4||||||||||0|4.6|12|||||||||||||||||||||"21851390"|"64440476"
"Ap"||"A"||||0|||13|||13||0|0|0|0|0|0|100|100|100|100|100|100|95|97.5|100|90|95|100|1|14.2|||0.1|||0.4|||1|||4.1|||8.6|||71.8||||||||12|14|16||||0.5|1.25|2||||1.4|1.45|1.5||||1.47|1.52|1.58|2.64|4|9|14|0.2|0.22|0.23||||23.5|25.6|27.5|7.7|9.8|12|40|42|44|0|1.5|2.9|25|28|31|4|5.5|7|2|4|7|".49"|".49"|0|0|0|0|0|0|0|0|0|0|0|0||||5|10|15|3.6|8.6|11.5|4.5|5.3|6||||||||||0.9|5.5|10.6|||||||||||||||||||||"21851387"|"64440469"
"Btx2"||"B"||2||107|||152|||45||0|0|0|0|0|0|100|100|100|100|100|100|95|97.5|100|90|95|100|0.5|7.5|||0|||0|||0.2|||2.1|||5.2|||69||||||||15|23.5|32||||0|0.25|0.5||||1.45|1.53|1.6||||1.52|1.6|1.67|2.67|0.42|1|1.4|0.1|0.11|0.12||||25|29.6|33.1|9.2|14.7|20.3|37|40|43|0|1.5|2.9|25|35|45|5|14.5|24|3|14|26|".55"|".55"|0|0|0|0|0|0|0|0|0|0|0|0|5|10|15||||2.8|9.1|15|5.1|6.2|7.3||||||||||0|3.6|8|||||||||||||||||||||"21851387"|"64440470"
"E"||"E"||||53|||61|||8||0|0|0|0|0|0|100|100|100|100|100|100|95|97.5|100|90|95|100|0.5|8.3|||0.1|||0.2|||0.6|||2.4|||5|||77.7||||||||12|14|16||||0|0.25|0.5||||1.35|1.43|1.5||||1.42|1.5|1.56|2.66|4|9|14|0.2|0.22|0.23||||22.6|24.2|25.6|6.9|8.3|9.8|41|44|46|0|1.5|2.9|20|25|30|5|7.5|12|1|5|11|".64"|".64"|0|0|0|0|0|0|0|0|0|0|0|0||||5|10|15|2.8|8.9|10.9|4.5|5.3|6||||||||||0.2|4.1|8.5|||||||||||||||||||||"21851387"|"64440471"
"Btx1"||"B"||1||61|||107|||46||0|0|0|0|0|0|100|100|100|100|100|100|95|97.5|100|90|95|100|0.5|7|||0|||0|||0.2|||1.9|||4.9|||69.5||||||||15|23.5|32||||0|0.25|0.5||||1.45|1.53|1.6||||1.52|1.6|1.67|2.67|0.42|1|1.4|0.1|0.11|0.12||||25|29.6|33.1|9.2|14.7|20.3|37|40|43|0|1.5|2.9|25|35|45|5|14.5|24|3|14|26|".55"|".55"|0|0|0|0|0|0|0|0|0|0|0|0||||5|10|15|3|9.4|13.4|4.5|5.3|6||||||||||0.7|5.9|11.5|||||||||||||||||||||"21851387"|"64440472"
"Bw"||"B"||||13|||53|||40||0|0|0|0|0|0|100|100|100|100|100|100|95|97.5|100|90|95|100|0.5|7.4|||0|||0|||0.2|||2|||5.2|||68.6||||||||18|24|30||||0.5|0.75|1||||1.4|1.45|1.5||||1.47|1.52|1.58|2.66|4|9|14|0.2|0.22|0.23||||26.8|29.7|32.1|11.1|14.9|18.7|41|42|44|0|1.5|2.9|27|33.5|40|8|13.5|19|5|12|20|".55"|".55"|0|0|0|0|0|0|0|0|0|0|0|0||||5|10|15|3.1|9.3|13.8|4.5|5.3|6||||||||||2|6.7|11.9|||||||||||||||||||||"21851387"|"64440473"
"Ap"||"A"||||0|||13|||13||0|0|0|0|0|0|100|100|100|100|100|100|95|97.5|100|90|95|100|1|14.2|||0.1|||0.4|||1|||4.1|||8.6|||71.8||||||||12|14|16||||0.5|1.25|2||||1.4|1.45|1.5||||1.47|1.52|1.58|2.64|4|9|14|0.2|0.22|0.23||||23.5|25.6|27.5|7.7|9.8|12|40|42|44|0|1.5|2.9|25|28|31|4|5.5|7|2|4|7|".49"|".49"|0|0|0|0|0|0|0|0|0|0|0|0||||5|10|15|3.6|8.6|11.5|4.5|5.3|6||||||||||0.9|5.5|10.6|||||||||||||||||||||"21851360"|"64440440"
"Btx2"||"B"||2||107|||152|||45||0|0|0|0|0|0|100|100|100|100|100|100|95|97.5|100|90|95|100|0.5|7.5|||0|||0|||0.2|||2.1|||5.2|||69||||||||15|23.5|32||||0|0.25|0.5||||1.45|1.53|1.6||||1.52|1.6|1.67|2.67|0.42|1|1.4|0.1|0.11|0.12||||25|29.6|33.1|9.2|14.7|20.3|37|40|43|0|1.5|2.9|25|35|45|5|14.5|24|3|14|26|".55"|".55"|0|0|0|0|0|0|0|0|0|0|0|0|7.6|12.3|16.9||||4.4|10.5|16.9|5.1|6.2|7.3||||||||||0|4.1|8.4|||||||||||||||||||||"21851360"|"64440441"
"Btx1"||"B"||1||61|||107|||46||0|0|0|0|0|0|100|100|100|100|100|100|95|97.5|100|90|95|100|0.5|7|||0|||0|||0.2|||1.9|||4.9|||69.5||||||||15|23.5|32||||0|0.25|0.5||||1.45|1.53|1.6||||1.52|1.6|1.67|2.67|0.42|1|1.4|0.1|0.11|0.12||||25|29.6|33.1|9.2|14.7|20.3|37|40|43|0|1.5|2.9|25|35|45|5|14.5|24|3|14|26|".55"|".55"|0|0|0|0|0|0|0|0|0|0|0|0||||5|10|15|3|9.4|13.4|4.5|5.3|6||||||||||0.7|5.9|11.5|||||||||||||||||||||"21851360"|"64440443"
"Bw"||"B"||||13|||53|||40||0|0|0|0|0|0|100|100|100|100|100|100|95|97.5|100|90|95|100|0.5|7.4|||0|||0|||0.2|||2|||5.2|||68.6||||||||18|24|30||||0.5|0.75|1||||1.4|1.45|1.5||||1.47|1.52|1.58|2.66|4|9|14|0.2|0.22|0.23||||26.8|29.7|32.1|11.1|14.9|18.7|41|42|44|0|1.5|2.9|27|33.5|40|8|13.5|19|5|12|20|".55"|".55"|0|0|0|0|0|0|0|0|0|0|0|0||||5|10|15|3.1|9.3|13.8|4.5|5.3|6||||||||||2|6.7|11.9|||||||||||||||||||||"21851360"|"64440444"
"E'"||"E"|"'"|||53|||61|||8||0|0|0|0|0|0|100|100|100|100|100|100|95|97.5|100|90|95|100|0.5|8.3|||0.1|||0.2|||0.6|||2.4|||5|||77.7||||||||12|14|16||||0|0.25|0.5||||1.35|1.43|1.5||||1.42|1.5|1.56|2.66|4|9|14|0.2|0.22|0.23||||22.6|24.2|25.6|6.9|8.3|9.8|41|44|46|0|1.5|2.9|20|25|30|5|7.5|12|1|5|11|".64"|".64"|0|0|0|0|0|0|0|0|0|0|0|0||||5|10|15|2.8|8.9|10.9|4.5|5.3|6||||||||||0.2|4.1|8.5|||||||||||||||||||||"21851360"|"64440442"
"Ap"||"A"||||0|||13|||13||0|0|0|0|0|0|100|100|100|100|100|100|95|97.5|100|90|95|100|1|14.2|||0.1|||0.4|||1|||4.1|||8.6|||71.8||||||||12|14|16||||0.5|1.25|2||||1.4|1.45|1.5||||1.47|1.52|1.58|2.64|4|9|14|0.2|0.22|0.23||||23.5|25.6|27.5|7.7|9.8|12|40|42|44|0|1.5|2.9|25|28|31|4|5.5|7|2|4|7|".49"|".49"|0|0|0|0|0|0|0|0|0|0|0|0||||5|10|15|3.6|8.6|11.5|4.5|5.3|6||||||||||0.9|5.5|10.6|||||||||||||||||||||"21851383"|"64440464"
"Btx2"||"B"||2||107|||152|||45||0|0|0|0|0|0|100|100|100|100|100|100|95|97.5|100|90|95|100|0.5|7.5|||0|||0|||0.2|||2.1|||5.2|||69||||||||15|23.5|32||||0|0.25|0.5||||1.45|1.53|1.6||||1.52|1.6|1.67|2.67|0.42|1|1.4|0.1|0.11|0.12||||25|29.6|33.1|9.2|14.7|20.3|37|40|43|0|1.5|2.9|25|35|45|5|14.5|24|3|14|26|".55"|".55"|0|0|0|0|0|0|0|0|0|0|0|0|7.6|12.3|16.9||||4.4|10.5|16.9|5.1|6.2|7.3||||||||||0|4.1|8.4|||||||||||||||||||||"21851383"|"64440465"
"Btx1"||"B"||1||61|||107|||46||0|0|0|0|0|0|100|100|100|100|100|100|95|97.5|100|90|95|100|0.5|7|||0|||0|||0.2|||1.9|||4.9|||69.5||||||||15|23.5|32||||0|0.25|0.5||||1.45|1.53|1.6||||1.52|1.6|1.67|2.67|0.42|1|1.4|0.1|0.11|0.12||||25|29.6|33.1|9.2|14.7|20.3|37|40|43|0|1.5|2.9|25|35|45|5|14.5|24|3|14|26|".55"|".55"|0|0|0|0|0|0|0|0|0|0|0|0||||5|10|15|3|9.4|13.4|4.5|5.3|6||||||||||0.7|5.9|11.5|||||||||||||||||||||"21851383"|"64440467"
"Bw"||"B"||||13|||53|||40||0|0|0|0|0|0|100|100|100|100|100|100|95|97.5|100|90|95|100|0.5|7.4|||0|||0|||0.2|||2|||5.2|||68.6||||||||18|24|30||||0.5|0.75|1||||1.4|1.45|1.5||||1.47|1.52|1.58|2.66|4|9|14|0.2|0.22|0.23||||26.8|29.7|32.1|11.1|14.9|18.7|41|42|44|0|1.5|2.9|27|33.5|40|8|13.5|19|5|12|20|".55"|".55"|0|0|0|0|0|0|0|0|0|0|0|0||||5|10|15|3.1|9.3|13.8|4.5|5.3|6||||||||||2|6.7|11.9|||||||||||||||||||||"21851383"|"64440468"
"E'"||"E"|"'"|||53|||61|||8||0|0|0|0|0|0|100|100|100|100|100|100|95|97.5|100|90|95|100|0.5|8.3|||0.1|||0.2|||0.6|||2.4|||5|||77.7||||||||12|14|16||||0|0.25|0.5||||1.35|1.43|1.5||||1.42|1.5|1.56|2.66|4|9|14|0.2|0.22|0.23||||22.6|24.2|25.6|6.9|8.3|9.8|41|44|46|0|1.5|2.9|20|25|30|5|7.5|12|1|5|11|".64"|".64"|0|0|0|0|0|0|0|0|0|0|0|0||||5|10|15|2.8|8.9|10.9|4.5|5.3|6||||||||||0.2|4.1|8.5|||||||||||||||||||||"21851383"|"64440466"
"A"||"A"||||0|||20|||20||0|0|0|0|0|0|100|100|100|100|100|100|100|100|100|90|95|100|1|13.6|||0.1|||0.4|||1|||3.9|||8.2|||68.9||||||||8|17.5|27||||0.5|1.25|2||||1.3|1.5|1.7||||1.37|1.57|1.77|2.61|4|9|14|0.21|0.22|0.23||||20.9|27.7|32.3|5.5|12.2|18.9|33|40|48|0|1.5|2.9|15|23|31|0|5|10|0|2|10|".43"|".43"|0|0|0|0|0|0|0|0|0|0|0|0|4|9.5|15||||1.8|8.1|15|5.1|6.2|7.3||||||||||0|4.1|9|||||||||||||||||||||"21851359"|"64440437"
"Bt"||"B"||||20|||89|||69||0|0|0|0|0|0|100|100|100|100|100|100|100|100|100|90|95|100|0.5|6.8|25||0|||0|||0.2|||1.9|||4.7|||66.7||||||||18|26.5|35||||0.5|0.75|1||||1.3|1.5|1.7||||1.51|1.71|1.78|2.6|4|9|14|0.2|0.21|0.22||||27.1|31|34.2|11.5|16.9|22.3|33|41|48|3|4.5|5.9|28|34|40|8|12.5|17|6|12|18|".49"|".49"|0|0|0|0|0|0|0|0|0|0|0|0|5|15|25||||2.1|11.9|24.4|5.1|5.6|6||||||||||3.3|6.7|10.4|||||||||||||||||||||"21851359"|"64440438"
"BC"||"BC"||||89|||183|||94||0|0|0|0|0|0|100|100|100|100|100|100|100|100|100|75|87.5|100|1|13.6|||0.1|||0.4|||1|||3.9|||8.2|||68.9||||||||8|17.5|27||||0|0.25|0.5||||1.3|1.5|1.7||||1.37|1.57|1.77|2.62|4|9|14|0.18|0.2|0.22||||19.9|26.5|31|4.8|10.8|16.9|34|41|48|0|1.5|2.9|23|34|45|4|12.5|21|1|10|23|".55"|".55"|0|3|5|0|0|0|0|0|0|0|0|0|5|15|25||||1.9|43.1|58.3|4.5|6.5|8.4||||||||||0|3.7|11.8|||||||||||||||||||||"21851359"|"64440439"
"Bt"||"B"||||20|||89|||69||0|0|0|0|0|0|100|100|100|100|100|100|100|100|100|90|95|100|0.5|6.8|25||0|||0|||0.2|||1.9|||4.7|||66.7||||||||18|26.5|35||||0.5|0.75|1||||1.3|1.5|1.7||||1.51|1.71|1.78|2.6|4|9|14|0.2|0.21|0.22||||27.1|31|34.2|11.5|16.9|22.3|33|41|48|3|4.5|5.9|28|34|40|8|12.5|17|6|12|18|".49"|".49"|0|0|0|0|0|0|0|0|0|0|0|0|5|15|25||||2.1|11.9|24.4|5.1|5.6|6||||||||||3.3|6.7|10.4|||||||||||||||||||||"21851301"|"64440366"
"Ap"||"A"||||0|||20|||20||0|0|0|0|0|0|100|100|100|100|100|100|100|100|100|90|95|100|1|13.6|||0.1|||0.4|||1|||3.9|||8.2|||68.9||||||||8|17.5|27||||0.5|1.25|2||||1.3|1.5|1.7||||1.37|1.57|1.77|2.61|4|9|14|0.21|0.22|0.23||||20.9|27.7|32.3|5.5|12.2|18.9|33|40|48|0|1.5|2.9|15|23|31|0|5|10|0|2|10|".43"|".43"|0|0|0|0|0|0|0|0|0|0|0|0|4|9.5|15||||1.8|8.1|15|5.1|6.2|7.3||||||||||0|4.1|9|||||||||||||||||||||"21851301"|"64440367"
"BC"||"BC"||||89|||183|||94||0|0|0|0|0|0|100|100|100|100|100|100|100|100|100|75|87.5|100|1|13.6|||0.1|||0.4|||1|||3.9|||8.2|||68.9||||||||8|17.5|27||||0|0.25|0.5||||1.3|1.5|1.7||||1.37|1.57|1.77|2.62|4|9|14|0.18|0.2|0.22||||19.9|26.5|31|4.8|10.8|16.9|34|41|48|0|1.5|2.9|23|34|45|4|12.5|21|1|10|23|".55"|".55"|0|3|5|0|0|0|0|0|0|0|0|0|5|15|25||||1.9|43.1|58.3|4.5|6.5|8.4||||||||||0|3.7|11.8|||||||||||||||||||||"21851301"|"64440368"
"Ap"||"A"||||0|||20|||20||0|0|0|0|0|0|100|100|100|100|100|100|100|100|100|90|95|100|60|70.5|||0.1|||3.3|||16|||33.8|||17.3|||16.5||||||||8|13|18||||0.5|1.25|2||||1.3|1.5|1.7||||1.37|1.57|1.77|2.61|4|9|14|0.21|0.22|0.23||||15.7|20.1|23.5|6.1|10.5|14.9|33|40|48|0|1.5|2.9|15|23|31|0|5|10|0|2|10|".24"|".24"|0|0|0|0|0|0|0|0|0|0|0|0|4|9.5|15||||1.8|8.1|15|5.1|6.2|7.3||||||||||0|4.1|9|||||||||||||||||||||"21851297"|"64440363"
"Bt"||"B"||||20|||89|||69||0|0|0|0|0|0|100|100|100|100|100|100|100|100|100|90|95|100|0.5|6.8|25||0|||0|||0.2|||1.9|||4.7|||66.7||||||||18|26.5|35||||0.5|0.75|1||||1.3|1.5|1.7||||1.51|1.71|1.78|2.6|4|9|14|0.2|0.21|0.22||||27.1|31|34.2|11.5|16.9|22.3|33|41|48|3|4.5|5.9|28|34|40|8|12.5|17|6|12|18|".49"|".49"|0|0|0|0|0|0|0|0|0|0|0|0|5|15|25||||2.1|11.9|24.4|5.1|5.6|6||||||||||3.3|6.7|10.4|||||||||||||||||||||"21851297"|"64440364"
"BC"||"BC"||||89|||183|||94||0|0|0|0|0|0|100|100|100|100|100|100|100|100|100|75|87.5|100|1|13.6|||0.1|||0.4|||1|||3.9|||8.2|||68.9||||||||8|17.5|27||||0|0.25|0.5||||1.3|1.5|1.7||||1.37|1.57|1.77|2.62|4|9|14|0.18|0.2|0.22||||19.9|26.5|31|4.8|10.8|16.9|34|41|48|0|1.5|2.9|23|34|45|4|12.5|21|1|10|23|".55"|".55"|0|3|5|0|0|0|0|0|0|0|0|0|5|15|25||||1.9|43.1|58.3|4.5|6.5|8.4||||||||||0|3.7|11.8|||||||||||||||||||||"21851297"|"64440365"
"C1"||"C"||1||20|||89|||69||0|0|0|0|0|0|100|100|100|100|100|100|100|100|100|90|95|100|0.5|6.8|25||0|||0|||0.2|||1.9|||4.7|||67.2||||||||18|26|35||||0.5|0.75|1||||1.3|1.5|1.7||||1.51|1.71|1.78|2.66|4|9|14|0.2|0.21|0.22||||27.1|30.8|34.2|11.5|16.6|22.3|33|41|48|3|4.5|5.9|28|34|40|8|12.5|17|6|12|18|".49"|".49"|0|0|0|0|0|0|0|0|0|0|0|0|5|15|25||||2.6|11.6|24.1|5.1|5.6|6||||||||||3.3|6.7|10.4|||||||||||||||||||||"21851295"|"64440360"
"C2"||"C"||2||89|||183|||94||0|0|0|0|0|0|100|100|100|100|100|100|100|100|100|75|87.5|100|15|68.1|75||0|||2.4|||14.7|||34.1|||16.9|||14.4||||||||8|17.5|27||||0|0.25|0.5||||1.3|1.5|1.7||||1.37|1.57|1.77|2.67|4|9|14|0.18|0.2|0.22||||14.8|21.4|26.2|5.4|12.2|18.9|34|41|48|0|1.5|2.9|23|34|45|4|12.5|21|1|10|23|".24"|".24"|0|3|5|0|0|0|0|0|0|0|0|0|5|15|25||||2.4|43.1|58.3|4.5|6.5|8.4||||||||||0|3.7|11.8|||||||||||||||||||||"21851295"|"64440361"
"A"||"A"||||0|||20|||20||0|0|0|0|0|0|100|100|100|100|100|100|100|100|100|90|95|100|60|70.5|75||0.1|||3.3|||16|||33.8|||17.3|||16.5||||||||8|13|18||||0.5|1.25|2||||1.3|1.5|1.7||||1.37|1.57|1.77|2.64|4|9|14|0.21|0.22|0.23||||15.7|20.1|23.5|6.1|10.5|14.9|33|40|48|0|1.5|2.9|15|23|31|0|5|10|0|2|10|".20"|".20"|0|0|0|0|0|0|0|0|0|0|0|0|4|9.5|15||||1.8|8.1|15|5.1|6.2|7.3||||||||||0|4.1|9|||||||||||||||||||||"21851295"|"64440362"
"BC"||"BC"||||89|||183|||94||0|0|0|0|0|0|100|100|100|100|100|100|100|100|100|75|87.5|100|1|13.6|||0.1|||0.4|||1|||3.9|||8.2|||68.9||||||||8|17.5|27||||0|0.25|0.5||||1.3|1.5|1.7||||1.37|1.57|1.77|2.62|4|9|14|0.18|0.2|0.22||||19.9|26.5|31|4.8|10.8|16.9|34|41|48|0|1.5|2.9|23|34|45|4|12.5|21|1|10|23|".55"|".55"|0|3|5|0|0|0|0|0|0|0|0|0|5|15|25||||1.9|43.1|58.3|4.5|6.5|8.4||||||||||0|3.7|11.8|||||||||||||||||||||"21851293"|"64440357"
"A"||"A"||||0|||20|||20||0|0|0|0|0|0|100|100|100|100|100|100|100|100|100|90|95|100|1|13.6|||0.1|||0.4|||1|||3.9|||8.2|||68.9||||||||8|17.5|27||||0.5|1.25|2||||1.3|1.5|1.7||||1.37|1.57|1.77|2.61|4|9|14|0.21|0.22|0.23||||20.9|27.7|32.3|5.5|12.2|18.9|33|40|48|0|1.5|2.9|15|23|31|0|5|10|0|2|10|".49"|".49"|0|0|0|0|0|0|0|0|0|0|0|0|4|9.5|15||||1.8|8.1|15|5.1|6.2|7.3||||||||||0|4.1|9|||||||||||||||||||||"21851293"|"64440358"
"Bt"||"B"||||20|||89|||69||0|0|0|0|0|0|100|100|100|100|100|100|100|100|100|90|95|100|0.5|6.8|25||0|||0|||0.2|||1.9|||4.7|||66.7||||||||18|26.5|35||||0.5|0.75|1||||1.3|1.5|1.7||||1.51|1.71|1.78|2.6|4|9|14|0.2|0.21|0.22||||27.1|31|34.2|11.5|16.9|22.3|33|41|48|3|4.5|5.9|28|34|40|8|12.5|17|6|12|18|".49"|".49"|0|0|0|0|0|0|0|0|0|0|0|0|5|15|25||||2.1|11.9|24.4|5.1|5.6|6||||||||||3.3|6.7|10.4|||||||||||||||||||||"21851293"|"64440359"
"A"||"A"||||0|||13|||13||0|0|0|0|0|0|100|100|100|100|100|100|90|95|100|75|86.5|98|1|11.7|||0.2|||0.4|||0.9|||3.5|||6.7|||69.8||||||||10|18.5|27||||0.5|1.25|2||||1.3|1.5|1.7||||1.37|1.57|1.77||4|9|14|0.15|0.18|0.2||||22.4|28.2|32.3|6.7|12.8|18.9|33|40|48|0|1.5|2.9|20|27.5|35|3|7|11|0|4|11|".43"|".43"|0|0|0|0|0|0|0|0|0|0|0|0||||2|5|8||||4.5|5.3|6|||||||||||||||||||||||||||||||||"21851292"|"64440354"
"BC"||"BC"||||74|||152|||78||0|0|0|0|0|0|100|100|100|100|100|100|85|92.5|100|60|75|90|1|11.2|||0.1|||0.4|||0.9|||3.3|||6.5|||67.3||||||||18|21.5|25||||0|0.25|0.5||||1.3|1.5|1.7||||1.37|1.57|1.77||4|9|14|0.15|0.18|0.2||||26.5|28.5|30.2|10.8|13.2|15.7|34|41|48|0|1.5|2.9|15|22.5|30|0|4|8|0|0|6|".49"|".49"|0|0|0|0|0|0|0|0|0|0|0|0|8|11.5|15|||||||4.5|5.9|7.3|||||||||||||||||||||||||||||||||"21851292"|"64440355"
"Bt"||"B"||||13|||74|||61||0|0|0|0|0|0|100|100|100|100|100|100|90|95|100|70|82.5|95|0.5|6.8|60||0|||0|||0.2|||1.9|||4.7|||67.2||||||||18|26|34||||0.5|0.75|1||||1.3|1.5|1.7||||1.51|1.71|1.78||1.4|2.7|4|0.15|0.18|0.2||||27.1|30.8|33.9|11.5|16.6|21.7|33|41|48|3|4.5|5.9|20|36|44|5|17|22|0|13|22|".49"|".49"|0|0|0|0|0|0|0|0|0|0|0|0||||5|8.5|12||||4.5|5.3|6|||||||||||||||||||||||||||||||||"21851292"|"64440356"
"A"||"A"||||0|||25|||25||0|0|0|0|0|0|100|100|100|100|100|100|100|100|100|75|87.5|100|30|37.1|||0|||0.1|||0.8|||7.6|||28.6|||42.4||||||||14|20.5|27||||0.5|2.25|4||||1.35|1.5|1.65||||1.42|1.57|1.72||4|9|14|0.2|0.21|0.22||||24.9|30|33.8|9.1|15.4|21.6|34|40|45|0|1.5|2.9|15|22.5|30|0|5|12|0|2|11|".43"|".43"|0|0|0|0|0|0|0|0|0|0|0|0|5|10|15||||15|22.5|30|5.6|7|8.4|||||||||||||||||||||||||||||||||"21851380"|"64440461"
"Cg"||"C"||||91|||152|||61||0|0|0|0|0|0|100|100|100|100|100|100|100|100|100|75|87.5|100|0.5|6.8|60||0|||0|||0.2|||1.9|||4.7|||66.7||||||||14|26.5|45||||0.5|0.75|1||||1.35|1.5|1.65||||1.42|1.57|1.72||1.4|8|14|0.2|0.22|0.23||||24.9|31|37.2|9.1|16.9|28.2|35|41|46|0|1.5|2.9|23|34|45|3|13|23|0|11|25|".49"|".49"|0|0|0|0|0|0|0|0|0|0|0|0|10|25|40||||15|22.5|30|6.6|7.5|8.4|||||||||||||||||||||||||||||||||"21851380"|"64440462"
"Bg"||"B"||||25|||91|||66||0|0|0|0|0|0|100|100|100|100|100|100|100|100|100|85|92.5|100|5|31.6|||0|||0.2|||0.9|||7.1|||23.4|||41.9||||||||14|26.5|39||||0.5|0.75|1||||1.35|1.5|1.65||||1.56|1.71|1.78||1.4|2.7|4|0.2|0.21|0.22||||24.9|31|35.5|9.1|16.9|24.7|35|41|46|3|4.5|5.9|20|38.5|45|5|17|23|1|16|25|".49"|".49"|0|0|0|0|0|0|0|0|0|0|0|0|10|20|30||||15|22.5|30|6.1|7.3|8.4|||||||||||||||||||||||||||||||||"21851380"|"64440463"
"A"||"A"||||0|||76|||76||0|0|0|0|0|0|100|100|100|100|100|100|100|100|100|90|95|100|1|11.7|||0.2|||0.4|||0.9|||3.5|||6.7|||69.8||||||||10|18.5|27||||0.5|1.25|2||||1.4|1.48|1.55||||1.47|1.55|1.61|2.65|4|9|14|0.2|0.22|0.23||||22.3|28|32.1|6.6|12.7|18.6|39|41|44|0|1.5|2.9|25|30|35|5|10|15|3|9|15|".49"|".49"|0|0|0|0|0|0|0|0|0|0|0|0||||2|5|8|2.5|4.7|8.2|4.5|5.3|6||||||||||0.5|6.3|12.7|||||||||||||||||||||"21851377"|"64440458"
"Btx"||"B"||||76|||135|||59||0|0|0|0|0|0|100|100|100|100|100|100|100|100|100|90|92.5|95|0.5|7.6|||0.1|||0.2|||0.6|||2.2|||4.5|||71.4||||||||10|21|32||||0.5|0.75|1||||1.35|1.45|1.55||||1.42|1.52|1.58|2.66|0.42|1|1.4|0.09|0.11|0.12||||22.1|28.4|32.8|6.5|13.2|19.8|39|42|46|0|1.5|2.9|25|35|40|5|16|20|3|14|20|".55"|".55"|0|0|0|0|0|0|0|0|0|0|0|0||||2|6|10|2.8|5.6|9|4.5|5.3|6||||||||||0.5|6.1|12.2|||||||||||||||||||||"21851377"|"64440459"
"Bt"||"B"||||135|||152|||17||0|0|0|0|0|0|100|100|100|100|100|100|100|100|100|90|95|100|0.5|7.4|||0|||0|||0.2|||2|||5.2|||68.6||||||||16|24|32||||0|0.25|0.5||||1.45|1.5|1.55||||1.52|1.57|1.63|2.67|0.42|1|1.4|0.09|0.11|0.12||||25.4|29.6|32.8|9.6|14.7|19.9|39|41|43|0|1.5|2.9|25|30|35|5|10|15|3|9|15|".55"|".55"|0|0|0|0|0|0|0|0|0|0|0|0|8|13|18||||4.1|12.2|19.5|5.1|6.5|7.8||||||||||0|3.3|8.6|||||||||||||||||||||"21851377"|"64440460"
"A"||"A"||||0|||76|||76||0|0|0|0|0|0|100|100|100|100|100|100|100|100|100|90|95|100|1|11.7|||0.2|||0.4|||0.9|||3.5|||6.7|||69.8||||||||10|18.5|27||||0.5|1.25|2||||1.4|1.48|1.55||||1.47|1.55|1.61|2.65|4|9|14|0.2|0.22|0.23||||22.3|28|32.1|6.6|12.7|18.6|39|41|44|0|1.5|2.9|25|30|35|5|10|15|3|9|15|".49"|".49"|0|0|0|0|0|0|0|0|0|0|0|0||||2|5|8|2.5|4.7|8.2|4.5|5.3|6||||||||||0.5|6.3|12.7|||||||||||||||||||||"21851329"|"64440402"
"Btx"||"B"||||76|||135|||59||0|0|0|0|0|0|100|100|100|100|100|100|100|100|100|90|92.5|95|0.5|7.6|||0.1|||0.2|||0.6|||2.2|||4.5|||71.4||||||||10|21|32||||0.5|0.75|1||||1.35|1.45|1.55||||1.42|1.52|1.58|2.66|0.42|1|1.4|0.09|0.11|0.12||||22.1|28.4|32.8|6.5|13.2|19.8|39|42|46|0|1.5|2.9|25|35|40|5|16|20|3|14|20|".55"|".55"|0|0|0|0|0|0|0|0|0|0|0|0||||2|6|10|2.8|5.6|9|4.5|5.3|6||||||||||0.5|6.1|12.2|||||||||||||||||||||"21851329"|"64440403"
"Bt"||"B"||||135|||152|||17||0|0|0|0|0|0|100|100|100|100|100|100|100|100|100|90|95|100|0.5|7.4|||0|||0|||0.2|||2|||5.2|||68.6||||||||16|24|32||||0|0.25|0.5||||1.45|1.5|1.55||||1.52|1.57|1.63|2.67|0.42|1|1.4|0.09|0.11|0.12||||25.4|29.6|32.8|9.6|14.7|19.9|39|41|43|0|1.5|2.9|25|30|35|5|10|15|3|9|15|".55"|".55"|0|0|0|0|0|0|0|0|0|0|0|0|8|13|18||||4.1|12.2|19.5|5.1|6.5|7.8||||||||||0|3.3|8.6|||||||||||||||||||||"21851329"|"64440404"
"E"||"E"||||23|||79|||56||0|0|0|0|0|0|100|100|100|100|100|100|95|97.5|100|90|95|100||14|||0.1|||0.4|||1|||4|||8.5|||71||||||||12|15|18||||0.5|0.75|1||||1.4|1.45|1.5||||1.47|1.52|1.58|2.65|4|9|14|0.2|0.22|0.23||||23.5|25.5|27.3|7.7|9.7|11.8|41|42|44|0|1.5|2.9|22|31|40|3|9|15|0|8|17|".55"|".55"|0|0|0|0|0|0|0|0|0|0|0|0||||5|10|15|3.1|8.8|11.9|4.5|5|5.5||||||||||3.2|6.4|9.6|||||||||||||||||||||"21851327"|"64440398"
"Btgx"||"B"||||79|||152|||73||0|0|0|0|0|0|100|100|100|100|100|100|95|97.5|100|90|95|100||7.3|||0.4|||0.6|||1|||2.3|||3|||64.7||||||||18|28|32||||0|0.25|0.5||||1.45|1.53|1.6||||1.52|1.6|1.67|2.67|0.42|1|1.4|0.14|0.16|0.17||||26.7|31.4|33.1|11|17.5|20.3|37|40|43|0|1.5|2.9|30|36|42|9|12.5|16|7|12|18|".49"|".49"|0|0|0|0|0|0|0|0|0|0|0|0||||5.7|10.3|16.3|3.4|7.9|15.7|4.5|5|5.5||||||||||3.6|8.1|11.5|||||||||||||||||||||"21851327"|"64440399"
"Ap"||"A"||||0|||23|||23||0|0|0|0|0|0|100|100|100|100|100|100|95|97.5|100|90|95|100||14.2|||0.1|||0.4|||1|||4.1|||8.6|||72.3||||||||9|13.5|18||||0.5|1.25|2||||1.35|1.4|1.45||||1.41|1.46|1.53|2.64|4|9|14|0.2|0.22|0.23||||21.2|25|28|5.7|9.2|12.7|42|44|46|0|1.5|2.9|15|24.5|34|0|4.5|9|0|2|10|".55"|".55"|0|0|0|0|0|0|0|0|0|0|0|0||||5|10|15|3.4|8.4|12.7|4.5|5|5.5||||||||||2.6|6.8|11|||||||||||||||||||||"21851327"|"64440400"
"BCg"||"BC"||||152|||183|||31||0|0|0|0|0|0|100|100|100|100|100|100|95|97.5|100|90|95|100||14.2|||0.1|||0.4|||1|||4.1|||8.6|||71.8||||||||8|14|20||||0|0.25|0.5||||1.35|1.45|1.55||||1.42|1.52|1.58|2.66|1.4|2.7|4|0.2|0.22|0.23||||19.7|24.3|27.7|4.6|8.5|12.3|39|43|46|0|1.5|2.9|20|28.5|42|3|6.5|16|0|5|18|".64"|".64"|0|0|0|0|0|0|0|0|0|0|0|0|10|15|20||||5.3|13.8|21.5|5.1|6.5|7.8||||||||||0|3.7|9|||||||||||||||||||||"21851327"|"64440401"
"A"||"A"||||0|||76|||76||0|0|0|0|0|0|100|100|100|100|100|100|100|100|100|90|95|100|1|11.7|||0.2|||0.4|||0.9|||3.5|||6.7|||69.8||||||||10|18.5|27||||0.5|1.25|2||||1.4|1.48|1.55||||1.47|1.55|1.61|2.65|4|9|14|0.2|0.22|0.23||||22.3|28|32.1|6.6|12.7|18.6|39|41|44|0|1.5|2.9|25|30|35|5|10|15|3|9|15|".49"|".49"|0|0|0|0|0|0|0|0|0|0|0|0||||2|5|8|2.5|4.7|8.2|4.5|5.3|6||||||||||0.5|6.3|12.7|||||||||||||||||||||"21851324"|"64440395"
"Bt"||"B"||||135|||152|||17||0|0|0|0|0|0|100|100|100|100|100|100|100|100|100|90|95|100|0.5|7.4|||0|||0|||0.2|||2|||5.2|||68.6||||||||16|24|32||||0|0.25|0.5||||1.45|1.5|1.55||||1.52|1.57|1.63|2.67|0.42|1|1.4|0.09|0.11|0.12||||25.4|29.6|32.8|9.6|14.7|19.9|39|41|43|0|1.5|2.9|25|30|35|5|10|15|3|9|15|".55"|".55"|0|0|0|0|0|0|0|0|0|0|0|0|8|13|18||||4.1|12.2|19.5|5.1|6.5|7.8||||||||||0|3.3|8.6|||||||||||||||||||||"21851324"|"64440396"
"Btx"||"B"||||76|||135|||59||0|0|0|0|0|0|100|100|100|100|100|100|100|100|100|90|92.5|95|0.5|7.6|||0.1|||0.2|||0.6|||2.2|||4.5|||71.4||||||||10|21|32||||0.5|0.75|1||||1.35|1.45|1.55||||1.42|1.52|1.58|2.66|0.42|1|1.4|0.09|0.11|0.12||||22.1|28.4|32.8|6.5|13.2|19.8|39|42|46|0|1.5|2.9|25|35|40|5|16|20|3|14|20|".55"|".55"|0|0|0|0|0|0|0|0|0|0|0|0||||2|6|10|2.8|5.6|9|4.5|5.3|6||||||||||0.5|6.1|12.2|||||||||||||||||||||"21851324"|"64440397"
"Btx1"||"B"||1||61|||107|||46||0|0|0|0|0|0|100|100|100|100|100|100|95|97.5|100|90|95|100|0.5|7|||0|||0|||0.2|||1.9|||4.9|||69.5||||||||15|23.5|32||||0|0.25|0.5||||1.45|1.53|1.6||||1.52|1.6|1.67|2.67|0.42|1|1.4|0.1|0.11|0.12||||25|29.6|33.1|9.2|14.7|20.3|37|40|43|0|1.5|2.9|25|35|45|5|14.5|24|3|14|26|".55"|".55"|0|0|0|0|0|0|0|0|0|0|0|0||||5|10|15|3|9.4|13.4|4.5|5.3|6||||||||||0.7|5.9|11.5|||||||||||||||||||||"21851322"|"64440393"
"Bw"||"B"||||13|||53|||40||0|0|0|0|0|0|100|100|100|100|100|100|95|97.5|100|90|95|100|0.5|7.4|||0|||0|||0.2|||2|||5.2|||68.6||||||||18|24|30||||0.5|0.75|1||||1.4|1.45|1.5||||1.47|1.52|1.58|2.66|4|9|14|0.2|0.22|0.23||||26.8|29.7|32.1|11.1|14.9|18.7|41|42|44|0|1.5|2.9|27|33.5|40|8|13.5|19|5|12|20|".55"|".55"|0|0|0|0|0|0|0|0|0|0|0|0||||5|10|15|3.1|9.3|13.8|4.5|5.3|6||||||||||2|6.7|11.9|||||||||||||||||||||"21851322"|"64440394"
"Ap"||"A"||||0|||13|||13||0|0|0|0|0|0|100|100|100|100|100|100|95|97.5|100|90|95|100|1|14.2|||0.1|||0.4|||1|||4.1|||8.6|||71.8||||||||12|14|16||||0.5|1.25|2||||1.4|1.45|1.5||||1.47|1.52|1.58|2.64|4|9|14|0.2|0.22|0.23||||23.5|25.6|27.5|7.7|9.8|12|40|42|44|0|1.5|2.9|25|28|31|4|5.5|7|2|4|7|".49"|".49"|0|0|0|0|0|0|0|0|0|0|0|0||||5|10|15|3.6|8.6|11.5|4.5|5.3|6||||||||||0.9|5.5|10.6|||||||||||||||||||||"21851322"|"64440390"
"Btx2"||"B"||2||107|||152|||45||0|0|0|0|0|0|100|100|100|100|100|100|95|97.5|100|90|95|100|0.5|7.5|||0|||0|||0.2|||2.1|||5.2|||69||||||||15|23.5|32||||0|0.25|0.5||||1.45|1.53|1.6||||1.52|1.6|1.67|2.67|0.42|1|1.4|0.1|0.11|0.12||||25|29.6|33.1|9.2|14.7|20.3|37|40|43|0|1.5|2.9|25|35|45|5|14.5|24|3|14|26|".55"|".55"|0|0|0|0|0|0|0|0|0|0|0|0|7.6|12.3|16.9||||4.4|10.5|16.9|5.1|6.2|7.3||||||||||0|4.1|8.4|||||||||||||||||||||"21851322"|"64440391"
"E'x"||"E"|"'"|||53|||61|||8||0|0|0|0|0|0|100|100|100|100|100|100|95|97.5|100|90|95|100|0.5|8.3|||0.1|||0.2|||0.6|||2.4|||5|||77.7||||||||12|14|16||||0|0.25|0.5||||1.35|1.43|1.5||||1.42|1.5|1.56|2.66|4|9|14|0.2|0.22|0.23||||22.6|24.2|25.6|6.9|8.3|9.8|41|44|46|0|1.5|2.9|20|25|30|5|7.5|10|1|5|9|".64"|".64"|0|0|0|0|0|0|0|0|0|0|0|0||||5|10|15|2.8|8.9|10.9|4.5|5.3|6||||||||||0.2|4.1|8.5|||||||||||||||||||||"21851322"|"64440392"
"A"||"A"||||0|||15|||15||0|0|0|0|0|0|100|100|100|100|100|100|95|97.5|100|90|92.5|95||7.6|||0.5|||0.8|||1.2|||2.4|||2.7|||54.9||||||||35|37.5|40||||1|2|3||||1.4|1.45|1.5||||1.75|1.8|1.87||0.42|1|1.4|0.15|0.18|0.2||||33.8|35.2|36.5|21.5|24.2|26.9|40|42|43|6|7.5|8.9|40|58|65|28|34|40|24|35|43|".37"|".37"|0|0|0|0|0|0|0|0|0|0|0|0|22|27|32||||10|20|30|5.6|6.5|7.3|||||||||||||||||||||||||||||||||"21851320"|"64440385"
"C3"||"C"||3||132|||152|||20||0|0|0|0|0|0|100|100|100|100|100|100|60|67.5|75|15|27.5|40||82.5|||1.1|||11.9|||26|||31.4|||12.1|||9||||||||5|8.5|12||||0|0.25|0.5||||1.4|1.45|1.5||||1.47|1.52|1.58||14|28|42|0.05|0.1|0.15|17.7|20.9|23.2|11.8|15.4|18.2|3.3|5.9|8.5|41|43|45|0|1.5|2.9|15|20|25|0|2.5|5|0|0|0|".17"|".17"|0|0|0|0|0|0|0|0|0|0|0|0|3|6.5|10||||10|20|30|6.1|7.3|8.4|||||||||||||||||||||||||||||||||"21851320"|"64440386"
"C2"||"C"||2||51|||132|||81||0|0|0|0|0|0|100|100|100|100|100|100|80|90|100|30|60|90||29.7|||2.5|||3.5|||4.9|||9.3|||9.5|||54.3||||||||7|16|25||||0|0.25|0.5||||1.5|1.53|1.55||||1.57|1.6|1.67||4|9|14|0.15|0.19|0.22||||19.1|25.9|30.4|4.3|10.2|16|39|40|41|0|1.5|2.9|20|25|30|3|6.5|10|0|1|8|".49"|".49"|0|0|0|0|0|0|0|0|0|0|0|0|5|11.5|18||||10|20|30|6.1|7.3|8.4|||||||||||||||||||||||||||||||||"21851320"|"64440387"
"Bw"||"B"||||15|||41|||26||0|0|0|0|0|0|100|100|100|100|100|100|95|97.5|100|90|92.5|95||23.3|||3.2|||3.7|||4.3|||6.5|||5.6|||29.2||||||||35|47.5|60||||0|0.25|0.5||||1.4|1.45|1.5||||1.75|1.8|1.87||0.42|1|1.4|0.15|0.18|0.2||||28.9|37.4|39.5|19.1|26.2|33.3|41|43|45|6|7.5|8.9|51|58|65|20|34|40|21|35|43|".24"|".24"|0|0|0|0|0|0|0|0|0|0|0|0|22|31|40||||10|20|30|5.6|6.5|7.3|||||||||||||||||||||||||||||||||"21851320"|"64440388"
"C1"||"C"||1||41|||51|||10||0|0|0|0|0|0|100|100|100|100|100|100|90|95|100|70|80|90||29.1|||2.4|||3.4|||4.8|||9.1|||9.4|||53.4||||||||10|17.5|25||||0|0.25|0.5||||1.5|1.53|1.55||||1.57|1.6|1.67||1.4|2.7|4|0.19|0.21|0.22||||21.7|26.7|30.4|6.1|11.1|16|39|40|41|0|1.5|2.9|20|25|30|3|6.5|10|0|5|11|".49"|".49"|0|0|0|0|0|0|0|0|0|0|0|0|7|12.5|18||||10|20|30|6.1|7.3|8.4|||||||||||||||||||||||||||||||||"21851320"|"64440389"
"A"||"A"||||0|||15|||15||0|0|0|0|0|0|100|100|100|100|100|100|95|97.5|100|90|92.5|95||7.6|||0.5|||0.8|||1.2|||2.4|||2.7|||54.9||||||||35|37.5|40||||1|2|3||||1.4|1.45|1.5||||1.75|1.8|1.87||0.42|1|1.4|0.15|0.18|0.2||||33.8|35.2|36.5|21.5|24.2|26.9|40|42|43|6|7.5|8.9|40|58|65|28|34|40|24|35|43|".37"|".37"|0|0|0|0|0|0|0|0|0|0|0|0|22|27|32||||10|20|30|5.6|6.5|7.3|||||||||||||||||||||||||||||||||"21851316"|"64440380"
"C3"||"C"||3||132|||152|||20||0|0|0|0|0|0|100|100|100|100|100|100|60|67.5|75|15|27.5|40||82.5|||1.1|||11.9|||26|||31.4|||12.1|||9||||||||5|8.5|12||||0|0.25|0.5||||1.4|1.45|1.5||||1.47|1.52|1.58||14|28|42|0.05|0.1|0.15|17.7|20.9|23.2|11.8|15.4|18.2|3.3|5.9|8.5|41|43|45|0|1.5|2.9|15|20|25|0|2.5|5|0|0|0|".17"|".17"|0|0|0|0|0|0|0|0|0|0|0|0|3|6.5|10||||10|20|30|6.1|7.3|8.4|||||||||||||||||||||||||||||||||"21851316"|"64440381"
"C2"||"C"||2||51|||132|||81||0|0|0|0|0|0|100|100|100|100|100|100|80|90|100|30|60|90||29.7|||2.5|||3.5|||4.9|||9.3|||9.5|||54.3||||||||7|16|25||||0|0.25|0.5||||1.5|1.53|1.55||||1.57|1.6|1.67||4|9|14|0.15|0.19|0.22||||19.1|25.9|30.4|4.3|10.2|16|39|40|41|0|1.5|2.9|20|25|30|3|6.5|10|0|1|8|".49"|".49"|0|0|0|0|0|0|0|0|0|0|0|0|5|11.5|18||||10|20|30|6.1|7.3|8.4|||||||||||||||||||||||||||||||||"21851316"|"64440382"
"Bw"||"B"||||15|||41|||26||0|0|0|0|0|0|100|100|100|100|100|100|95|97.5|100|90|92.5|95||23.3|||3.2|||3.7|||4.3|||6.5|||5.6|||29.2||||||||35|47.5|60||||0|0.25|0.5||||1.4|1.45|1.5||||1.75|1.8|1.87||0.42|1|1.4|0.15|0.18|0.2||||28.9|37.4|39.5|19.1|26.2|33.3|41|43|45|6|7.5|8.9|51|58|65|20|34|40|21|35|43|".24"|".24"|0|0|0|0|0|0|0|0|0|0|0|0|22|31|40||||10|20|30|5.6|6.5|7.3|||||||||||||||||||||||||||||||||"21851316"|"64440383"
"C1"||"C"||1||41|||51|||10||0|0|0|0|0|0|100|100|100|100|100|100|90|95|100|70|80|90||29.1|||2.4|||3.4|||4.8|||9.1|||9.4|||53.4||||||||10|17.5|25||||0|0.25|0.5||||1.5|1.53|1.55||||1.57|1.6|1.67||1.4|2.7|4|0.19|0.21|0.22||||21.7|26.7|30.4|6.1|11.1|16|39|40|41|0|1.5|2.9|20|25|30|3|6.5|10|0|5|11|".49"|".49"|0|0|0|0|0|0|0|0|0|0|0|0|7|12.5|18||||10|20|30|6.1|7.3|8.4|||||||||||||||||||||||||||||||||"21851316"|"64440384"
"A"||"A"||||0|||13|||13||0|0|0|0|0|0|100|100|100|100|100|100|90|95|100|65|80|95||20.7|||0.1|||0.4|||1.2|||5.7|||13.3|||67.3||||||||6|12|18||||1|2|3||||1.4|1.45|1.5||||1.47|1.52|1.58|2.63|4|9|14|0.2|0.21|0.22||||20|25.5|29.4|4.9|9.7|14.5|40|42|43|0|1.5|2.9|15|20|25|0|4.5|9|0|0|6|".49"|".49"|0|0|0|0|0|0|0|0|0|0|0|0|3|6.5|10||||2|6|10|5.1|5.6|6||||||||||2.9|5.1|7.5|||||||||||||||||||||"21851346"|"64440426"
"C"||"C"||||13|||152|||139||0|0|0|0|0|0|100|100|100|100|100|100|95|97.5|100|85|92.5|100||14.2|||0.1|||0.4|||1|||4.1|||8.6|||71.8||||||||10|14|18||||0|0.5|1||||1.4|1.48|1.55||||1.47|1.55|1.61|2.66|4|9|14|0.2|0.21|0.22||||21.4|24.8|27.5|5.9|9|12|39|42|44|0|1.5|2.9|20|25|30|3|6.5|12|0|4|11|".55"|".55"|0|0|0|0|0|0|0|0|0|0|0|0|5|7.5|10||||2|6|10|5.1|5.6|6||||||||||2.2|3.8|5.6|||||||||||||||||||||"21851346"|"64440427"
"Bssyg"||"B"||||107|||152|||45||0|0|0|0|0|0|100|100|100|100|100|100|100|100|100|95|97.5|100|5|16.2|25|0|1.5|2|0|2|3|0|2.7|5|2|5|7|1|5|8|0|26.3|68.8|||||||25|57.5|90||||0|0.25|0.5||||1.2|1.45|1.7||||1.55|1.8|1.87||0.42|1|1.4|0.12|0.17|0.22||||25.2|39.1|43.5|13.6|31.6|39.2|34|43|52|6|7.5|8.9|32|58.5|85|11|30.5|50|10|35|61|".20"|".20"|0|3|5|0|0|0|0|0|0|0|0|0|5|22.5|40||||35|38|45|6.6|7.5|8.4||||||||||0|5|18.3|||||||||||||||||||||"21851342"|"64440423"
"Bssg"||"B"||||23|||107|||84||0|0|0|0|0|0|100|100|100|100|100|100|100|100|100|95|97.5|100|0.5|1.8|3|0|0.2|0.5|0|0.2|0.5|0|0.3|1|0|0.5|2|0|0.6|1|7|23.2|39.5|||||||60|75|90||||0|0.25|0.5||||1.2|1.35|1.5||||1.88|1.98|2.01||0.01|0.21|0.42|0.07|0.11|0.14||||39|44|46|32|40.2|41.4|41|46|52|9|17|25|56|70.5|85|30|40|50|32|46|61|".17"|".17"|0|3|5|0|0|0|0|0|0|0|0|0|20|30|40||||35|38|45|5.6|7|8.4||||||||||0|11.2|23.3|||||||||||||||||||||"21851342"|"64440424"
"A"||"A"||||0|||23|||23||0|0|0|0|0|0|100|100|100|100|100|100|100|100|100|95|97.5|100|10|22.1|30|0|3|4|0|3.5|5|0|4.1|5|2|6.2|8|1|5.3|8|7.9|27.9|47.9|||||||40|50|60||||0.5|2.25|4||||1.2|1.35|1.5||||1.7|1.77|2.01||0.01|0.21|0.42|0.07|0.11|0.14||||32|40|41.7|21.9|29.1|36.1|40|45|51|9|17|25|46|65.5|85|22|36|50|23|41|61|".24"|".24"|0|0|0|0|0|0|0|0|0|0|0|0|20|30|40||||25|32|35|5.1|6.8|8.4||||||||||0|13|27.2|||||||||||||||||||||"21851342"|"64440425"
"Bssyg"||"B"||||107|||152|||45||0|0|0|0|0|0|100|100|100|100|100|100|100|100|100|95|97.5|100|5|16.2|25|0|1.5|2|0|2|3|0|2.7|5|2|5|7|1|5|8|0|26.3|68.8|||||||25|57.5|90||||0|0.25|0.5||||1.2|1.45|1.7||||1.55|1.8|1.87||0.42|1|1.4|0.12|0.17|0.22||||25.2|39.1|43.5|13.6|31.6|39.2|34|43|52|6|7.5|8.9|32|58.5|85|11|30.5|50|10|35|61|".20"|".20"|0|3|5|0|0|0|0|0|0|0|0|0|5|22.5|40||||35|38|45|6.6|7.5|8.4||||||||||0|5|18.3|||||||||||||||||||||"21851340"|"64440420"
"Bssg"||"B"||||23|||107|||84||0|0|0|0|0|0|100|100|100|100|100|100|100|100|100|95|97.5|100|0.5|1.8|3|0|0.2|0.5|0|0.2|0.5|0|0.3|1|0|0.5|2|0|0.6|1|7|23.2|39.5|||||||60|75|90||||0|0.25|0.5||||1.2|1.35|1.5||||1.88|1.98|2.01||0.01|0.21|0.42|0.07|0.11|0.14||||39|44|46|32|40.2|41.4|41|46|52|9|17|25|56|70.5|85|30|40|50|32|46|61|".17"|".17"|0|3|5|0|0|0|0|0|0|0|0|0|20|30|40||||35|38|45|5.6|7|8.4||||||||||0|11.2|23.3|||||||||||||||||||||"21851340"|"64440421"
"A"||"A"||||0|||23|||23||0|0|0|0|0|0|100|100|100|100|100|100|100|100|100|95|97.5|100|10|22.1|30|0|3|4|0|3.5|5|0|4.1|5|2|6.2|8|1|5.3|8|7.9|27.9|47.9|||||||40|50|60||||0.5|2.25|4||||1.2|1.35|1.5||||1.7|1.77|2.01||0.01|0.21|0.42|0.07|0.11|0.14||||32|40|41.7|21.9|29.1|36.1|40|45|51|9|17|25|46|65.5|85|22|36|50|23|41|61|".24"|".24"|0|0|0|0|0|0|0|0|0|0|0|0|20|30|40||||25|32|35|5.1|6.8|8.4||||||||||0|13|27.2|||||||||||||||||||||"21851340"|"64440422"
"Ap"||"A"||||0|||13|||13||0|0|0|0|0|0|100|100|100|100|100|100|95|97.5|100|90|95|100|1|14.2|||0.1|||0.4|||1|||4.1|||8.6|||71.8||||||||12|14|16||||0.5|1.25|2||||1.4|1.45|1.5||||1.47|1.52|1.58|2.64|4|9|14|0.2|0.22|0.23||||23.5|25.6|27.5|7.7|9.8|12|40|42|44|0|1.5|2.9|25|28|31|4|5.5|7|2|4|7|".49"|".49"|0|0|0|0|0|0|0|0|0|0|0|0||||5|10|15|3.6|8.6|11.5|4.5|5.3|6||||||||||0.9|5.5|10.6|||||||||||||||||||||"21851336"|"64440415"
"Btx2"||"B"||2||107|||152|||45||0|0|0|0|0|0|100|100|100|100|100|100|95|97.5|100|90|95|100|0.5|7.5|||0|||0|||0.2|||2.1|||5.2|||69||||||||15|23.5|32||||0|0.25|0.5||||1.45|1.53|1.6||||1.52|1.6|1.67|2.67|0.42|1|1.4|0.1|0.11|0.12||||25|29.6|33.1|9.2|14.7|20.3|37|40|43|0|1.5|2.9|25|35|45|5|14.5|24|3|14|26|".55"|".55"|0|0|0|0|0|0|0|0|0|0|0|0|5|10|15||||2.8|9.1|15|5.1|6.2|7.3||||||||||0|3.6|8|||||||||||||||||||||"21851336"|"64440416"
"E"||"E"||||53|||61|||8||0|0|0|0|0|0|100|100|100|100|100|100|95|97.5|100|90|95|100|0.5|8.3|||0.1|||0.2|||0.6|||2.4|||5|||77.7||||||||12|14|16||||0|0.25|0.5||||1.35|1.43|1.5||||1.42|1.5|1.56|2.66|4|9|14|0.2|0.22|0.23||||22.6|24.2|25.6|6.9|8.3|9.8|41|44|46|0|1.5|2.9|20|25|30|5|7.5|12|1|5|11|".64"|".64"|0|0|0|0|0|0|0|0|0|0|0|0||||5|10|15|2.8|8.9|10.9|4.5|5.3|6||||||||||0.2|4.1|8.5|||||||||||||||||||||"21851336"|"64440417"
"Btx1"||"B"||1||61|||107|||46||0|0|0|0|0|0|100|100|100|100|100|100|95|97.5|100|90|95|100|0.5|7|||0|||0|||0.2|||1.9|||4.9|||69.5||||||||15|23.5|32||||0|0.25|0.5||||1.45|1.53|1.6||||1.52|1.6|1.67|2.67|0.42|1|1.4|0.1|0.11|0.12||||25|29.6|33.1|9.2|14.7|20.3|37|40|43|0|1.5|2.9|25|35|45|5|14.5|24|3|14|26|".55"|".55"|0|0|0|0|0|0|0|0|0|0|0|0||||5|10|15|3|9.4|13.4|4.5|5.3|6||||||||||0.7|5.9|11.5|||||||||||||||||||||"21851336"|"64440418"
"Bw"||"B"||||13|||53|||40||0|0|0|0|0|0|100|100|100|100|100|100|95|97.5|100|90|95|100|0.5|7.4|||0|||0|||0.2|||2|||5.2|||68.6||||||||18|24|30||||0.5|0.75|1||||1.4|1.45|1.5||||1.47|1.52|1.58|2.66|4|9|14|0.2|0.22|0.23||||26.8|29.7|32.1|11.1|14.9|18.7|41|42|44|0|1.5|2.9|27|33.5|40|8|13.5|19|5|12|20|".55"|".55"|0|0|0|0|0|0|0|0|0|0|0|0||||5|10|15|3.1|9.3|13.8|4.5|5.3|6||||||||||2|6.7|11.9|||||||||||||||||||||"21851336"|"64440419"
"Ap"||"A"||||0|||13|||13||0|0|0|0|0|0|100|100|100|100|100|100|95|97.5|100|90|95|100|1|14.2|||0.1|||0.4|||1|||4.1|||8.6|||71.8||||||||12|14|16||||0.5|1.25|2||||1.4|1.45|1.5||||1.47|1.52|1.58|2.64|4|9|14|0.2|0.22|0.23||||23.5|25.6|27.5|7.7|9.8|12|40|42|44|0|1.5|2.9|25|28|31|4|5.5|7|2|4|7|".49"|".49"|0|0|0|0|0|0|0|0|0|0|0|0||||5|10|15|3.6|8.6|11.5|4.5|5.3|6||||||||||0.9|5.5|10.6|||||||||||||||||||||"21851333"|"64440410"
"E"||"E"||||53|||61|||8||0|0|0|0|0|0|100|100|100|100|100|100|95|97.5|100|90|95|100|1|14.2|||0.7|||1.2|||1.9|||4.5|||5.9|||57.8||||||||12|28|32||||0|0.25|0.5||||1.35|1.43|1.5||||1.42|1.5|1.56|2.67|4|9|14|0.2|0.22|0.23||||22.6|30.7|32.3|6.9|16.3|18.9|41|44|46|0|1.5|2.9|20|25|30|5|7.5|12|1|5|11|".49"|".49"|0|0|0|0|0|0|0|0|0|0|0|0||||5|10|15|2.8|9.1|10.9|4.5|5.3|6||||||||||0.2|6.8|11.5|||||||||||||||||||||"21851333"|"64440411"
"Btx2"||"B"||2||107|||152|||45||0|0|0|0|0|0|100|100|100|100|100|100|95|97.5|100|90|95|100|0.5|7.5|||0|||0|||0.2|||2.1|||5.2|||69||||||||15|23.5|32||||0|0.25|0.5||||1.45|1.53|1.6||||1.52|1.6|1.67|2.67|0.42|1|1.4|0.1|0.11|0.12||||25|29.6|33.1|9.2|14.7|20.3|37|40|43|0|1.5|2.9|25|35|45|5|14.5|24|3|14|26|".55"|".55"|0|0|0|0|0|0|0|0|0|0|0|0|5|10|15||||2.8|9.1|15|5.1|6.2|7.3||||||||||0|3.6|8|||||||||||||||||||||"21851333"|"64440412"
"Btx1"||"B"||1||61|||107|||46||0|0|0|0|0|0|100|100|100|100|100|100|95|97.5|100|90|95|100|0.5|7|||0|||0|||0.2|||1.9|||4.9|||69.5||||||||15|23.5|32||||0|0.25|0.5||||1.45|1.53|1.6||||1.52|1.6|1.67|2.67|0.42|1|1.4|0.1|0.11|0.12||||25|29.6|33.1|9.2|14.7|20.3|37|40|43|0|1.5|2.9|25|35|45|5|14.5|24|3|14|26|".55"|".55"|0|0|0|0|0|0|0|0|0|0|0|0||||5|10|15|3|9.4|13.4|4.5|5.3|6||||||||||0.7|5.9|11.5|||||||||||||||||||||"21851333"|"64440413"
"Bw"||"B"||||13|||53|||40||0|0|0|0|0|0|100|100|100|100|100|100|95|97.5|100|90|95|100|0.5|7.4|||0|||0|||0.2|||2|||5.2|||68.6||||||||18|24|30||||0.5|0.75|1||||1.4|1.45|1.5||||1.47|1.52|1.58|2.66|4|9|14|0.2|0.22|0.23||||26.8|29.7|32.1|11.1|14.9|18.7|41|42|44|0|1.5|2.9|27|33.5|40|8|13.5|19|5|12|20|".55"|".55"|0|0|0|0|0|0|0|0|0|0|0|0||||5|10|15|3.1|9.3|13.8|4.5|5.3|6||||||||||2|6.7|11.9|||||||||||||||||||||"21851333"|"64440414"
"Ap"||"A"||||0|||13|||13||0|0|0|0|0|0|100|100|100|100|100|100|95|97.5|100|90|95|100|1|14.2|||0.1|||0.4|||1|||4.1|||8.6|||71.8||||||||12|14|16||||0.5|1.25|2||||1.4|1.45|1.5||||1.47|1.52|1.58|2.64|4|9|14|0.2|0.22|0.23||||23.5|25.6|27.5|7.7|9.8|12|40|42|44|0|1.5|2.9|25|28|31|4|5.5|7|2|4|7|".49"|".49"|0|0|0|0|0|0|0|0|0|0|0|0||||5|10|15|3.6|8.6|11.5|4.5|5.3|6||||||||||0.9|5.5|10.6|||||||||||||||||||||"21851331"|"64440405"
"Btx2"||"B"||2||107|||152|||45||0|0|0|0|0|0|100|100|100|100|100|100|95|97.5|100|90|95|100|0.5|7.5|||0|||0|||0.2|||2.1|||5.2|||69||||||||15|23.5|32||||0|0.25|0.5||||1.45|1.53|1.6||||1.52|1.6|1.67|2.67|0.42|1|1.4|0.1|0.11|0.12||||25|29.6|33.1|9.2|14.7|20.3|37|40|43|0|1.5|2.9|25|35|45|5|14.5|24|3|14|26|".55"|".55"|0|0|0|0|0|0|0|0|0|0|0|0|5|10|15||||2.8|9.1|15|5.1|6.2|7.3||||||||||0|3.6|8|||||||||||||||||||||"21851331"|"64440406"
"E"||"E"||||53|||61|||8||0|0|0|0|0|0|100|100|100|100|100|100|95|97.5|100|90|95|100|0.5|8.3|||0.1|||0.2|||0.6|||2.4|||5|||77.7||||||||12|14|16||||0|0.25|0.5||||1.35|1.43|1.5||||1.42|1.5|1.56|2.66|4|9|14|0.2|0.22|0.23||||22.6|24.2|25.6|6.9|8.3|9.8|41|44|46|0|1.5|2.9|20|25|30|5|7.5|12|1|5|11|".64"|".64"|0|0|0|0|0|0|0|0|0|0|0|0||||5|10|15|2.8|8.9|10.9|4.5|5.3|6||||||||||0.2|4.1|8.5|||||||||||||||||||||"21851331"|"64440407"
"Btx1"||"B"||1||61|||107|||46||0|0|0|0|0|0|100|100|100|100|100|100|95|97.5|100|90|95|100|0.5|7|||0|||0|||0.2|||1.9|||4.9|||69.5||||||||15|23.5|32||||0|0.25|0.5||||1.45|1.53|1.6||||1.52|1.6|1.67|2.67|0.42|1|1.4|0.1|0.11|0.12||||25|29.6|33.1|9.2|14.7|20.3|37|40|43|0|1.5|2.9|25|35|45|5|14.5|24|3|14|26|".55"|".55"|0|0|0|0|0|0|0|0|0|0|0|0||||5|10|15|3|9.4|13.4|4.5|5.3|6||||||||||0.7|5.9|11.5|||||||||||||||||||||"21851331"|"64440408"
"Bw"||"B"||||13|||53|||40||0|0|0|0|0|0|100|100|100|100|100|100|95|97.5|100|90|95|100|0.5|7.4|||0|||0|||0.2|||2|||5.2|||68.6||||||||18|24|30||||0.5|0.75|1||||1.4|1.45|1.5||||1.47|1.52|1.58|2.66|4|9|14|0.2|0.22|0.23||||26.8|29.7|32.1|11.1|14.9|18.7|41|42|44|0|1.5|2.9|27|33.5|40|8|13.5|19|5|12|20|".55"|".55"|0|0|0|0|0|0|0|0|0|0|0|0||||5|10|15|3.1|9.3|13.8|4.5|5.3|6||||||||||2|6.7|11.9|||||||||||||||||||||"21851331"|"64440409"
"Ap"||"A"||||0|||13|||13||0|0|0|0|0|0|100|100|100|100|100|100|90|95|100|75|86.5|98|1|11.7|||0.2|||0.4|||0.9|||3.5|||6.7|||69.8||||||||10|18.5|27||||0.5|1.25|2||||1.3|1.5|1.7||||1.37|1.57|1.77||4|9|14|0.15|0.18|0.2||||22.4|28.2|32.3|6.7|12.8|18.9|33|40|48|0|1.5|2.9|20|27.5|35|3|7|11|0|4|11|".43"|".43"|0|0|0|0|0|0|0|0|0|0|0|0||||2|5|8||||4.5|5.3|6|||||||||||||||||||||||||||||||||"21851356"|"64440434"
"BC"||"BC"||||74|||152|||78||0|0|0|0|0|0|100|100|100|100|100|100|85|92.5|100|60|75|90|1|11.2|||0.1|||0.4|||0.9|||3.3|||6.5|||67.3||||||||18|21.5|25||||0|0.25|0.5||||1.3|1.5|1.7||||1.37|1.57|1.77||4|9|14|0.15|0.18|0.2||||26.5|28.5|30.2|10.8|13.2|15.7|34|41|48|0|1.5|2.9|15|22.5|30|0|4|8|0|0|6|".49"|".49"|0|0|0|0|0|0|0|0|0|0|0|0|8|11.5|15|||||||4.5|5.9|7.3|||||||||||||||||||||||||||||||||"21851356"|"64440435"
"Bt"||"B"||||13|||74|||61||0|0|0|0|0|0|100|100|100|100|100|100|90|95|100|70|82.5|95|0.5|6.8|60||0|||0|||0.2|||1.9|||4.7|||67.2||||||||18|26|34||||0.5|0.75|1||||1.3|1.5|1.7||||1.51|1.71|1.78||1.4|2.7|4|0.15|0.18|0.2||||27.1|30.8|33.9|11.5|16.6|21.7|33|41|48|3|4.5|5.9|20|36|44|5|17|22|0|13|22|".49"|".49"|0|0|0|0|0|0|0|0|0|0|0|0||||5|8.5|12||||4.5|5.3|6|||||||||||||||||||||||||||||||||"21851356"|"64440436"
"A"||"A"||||0|||25|||25||0|0|0|0|0|0|100|100|100|100|100|100|100|100|100|90|95|100|0.5|6.7|15||0|||0|||0.2|||1.9|||4.6|||60.3||||||||27|33|39||||0.5|2.25|4||||1.25|1.35|1.45||||1.44|1.54|1.6||1.4|2.7|4|0.15|0.17|0.19||||29.9|33.2|35.9|15.2|20.5|25.6|41|45|49|3|4.5|5.9|20|41|50|5|18|25|1|18|29|".32"|".32"|0|0|0|0|0|0|0|0|0|0|0|0|10|17.5|25||||15|22.5|30|5.6|7|8.4|||||||||||||||||||||||||||||||||"21851352"|"64440431"
"Cg"||"C"||||91|||152|||61||0|0|0|0|0|0|100|100|100|100|100|100|100|100|100|75|87.5|100|0.5|6.8|60||0|||0|||0.2|||1.9|||4.7|||66.7||||||||14|26.5|45||||0.5|0.75|1||||1.35|1.5|1.65||||1.42|1.57|1.72||1.4|8|14|0.2|0.22|0.23||||24.9|31|37.2|9.1|16.9|28.2|35|41|46|0|1.5|2.9|23|34|45|3|13|23|0|11|25|".49"|".49"|0|0|0|0|0|0|0|0|0|0|0|0|10|25|40||||15|22.5|30|6.6|7.5|8.4|||||||||||||||||||||||||||||||||"21851352"|"64440432"
"Bg"||"B"||||25|||91|||66||0|0|0|0|0|0|100|100|100|100|100|100|100|100|100|85|92.5|100|5|31.6|||0|||0.2|||0.9|||7.1|||23.4|||41.9||||||||14|26.5|39||||0.5|0.75|1||||1.35|1.5|1.65||||1.56|1.71|1.78||1.4|2.7|4|0.2|0.21|0.22||||24.9|31|35.5|9.1|16.9|24.7|35|41|46|3|4.5|5.9|20|38.5|45|5|17|23|1|16|25|".49"|".49"|0|0|0|0|0|0|0|0|0|0|0|0|10|20|30||||15|22.5|30|6.1|7.3|8.4|||||||||||||||||||||||||||||||||"21851352"|"64440433"
"Ap"||"A"||||0|||76|||76||0|0|0|0|0|0|100|100|100|100|100|100|100|100|100|90|95|100|1|11.7|||0.2|||0.4|||0.9|||3.5|||6.7|||69.8||||||||10|18.5|27||||0.5|1.25|2||||1.4|1.48|1.55||||1.47|1.55|1.61|2.65|4|9|14|0.2|0.22|0.23||||22.3|28|32.1|6.6|12.7|18.6|39|41|44|0|1.5|2.9|25|30|35|5|10|15|3|9|15|".49"|".49"|0|0|0|0|0|0|0|0|0|0|0|0||||2|5|8|2.5|4.7|8.2|4.5|5.3|6||||||||||0.5|6.3|12.7|||||||||||||||||||||"21851349"|"64440428"
"Btx"||"B"||||76|||135|||59||0|0|0|0|0|0|100|100|100|100|100|100|100|100|100|90|92.5|95|0.5|7.6|||0.1|||0.2|||0.6|||2.2|||4.5|||71.4||||||||10|21|32||||0.5|0.75|1||||1.35|1.45|1.55||||1.42|1.52|1.58|2.66|0.42|1|1.4|0.09|0.11|0.12||||22.1|28.4|32.8|6.5|13.2|19.8|39|42|46|0|1.5|2.9|25|35|40|5|16|20|3|14|20|".55"|".55"|0|0|0|0|0|0|0|0|0|0|0|0||||2|6|10|2.8|5.6|9|4.5|5.3|6||||||||||0.5|6.1|12.2|||||||||||||||||||||"21851349"|"64440429"
"Bt"||"B"||||135|||152|||17||0|0|0|0|0|0|100|100|100|100|100|100|100|100|100|90|95|100|0.5|7.4|||0|||0|||0.2|||2|||5.2|||68.6||||||||16|24|32||||0|0.25|0.5||||1.45|1.5|1.55||||1.52|1.57|1.63|2.67|0.42|1|1.4|0.09|0.11|0.12||||25.4|29.6|32.8|9.6|14.7|19.9|39|41|43|0|1.5|2.9|25|30|35|5|10|15|3|9|15|".55"|".55"|0|0|0|0|0|0|0|0|0|0|0|0|8|13|18||||4.1|12.2|19.5|5.1|6.5|7.8||||||||||0|3.3|8.6|||||||||||||||||||||"21851349"|"64440430"
