"Btg1"||"B"||1||61|||102|||41||0|0|0|0|0|0|100|100|100|95|97.5|100|85|92.5|100|70|82.5|95|3|7.3|30|0|0.4|0.5|0|0.6|1|0|1|3|1|2.3|15|2|3|20|44.2|64.7|85.2|||||9.8||11.8|28|32|0|0|0|0.5|0.75|1||||1.35|1.45|1.55||||1.42|1.52|1.58|2.65|0.42|1|1.4|0.13|0.17|0.2||||26|30.8|32.8|10.8|17|19.8|38|42|46|1.6|2.3|2.9|25|30|35|8|11|14|3|7|13|".49"|".49"|0|0|0|0|0|0|0|0|0|0|0.1|2||||10|15|20|0|2.5|5|4.5|5|5.5||||||||||10.2|17.4|23.4|||||||||||||||||||||"21856317"|"64452141"
"A"||"A"||||0|||8|||8||0|0|0|0|0|0|100|100|100|95|97.5|100|85|92.5|100|50|70|90|2|14|30|0|0.1|0.5|0|0.4|1|0|1|3|1|4|15|2|8.5|20|50|71|88|||||12.4||3.5|15|25|0|0|0|0.5|1.75|3||||1.35|1.45|1.55||||1.42|1.52|1.58|2.63|4|9|14|0.13|0.17|0.2||||17.5|26.4|32|3.5|10.9|18.4|37|41|45|0.6|1.5|2.3|15|22.5|30|0|5|10|0|1|8|".49"|".49"|0|0|0|0|0|0|0|0|0|0|0.1|2||||5|10|15|0|2.5|5|4.5|5.3|6||||||||||4.1|12.5|20.9|||||||||||||||||||||"21856317"|"64452142"
"Btg2"||"B"||2||102|||142|||40||0|0|0|0|0|0|100|100|100|95|97.5|100|85|92.5|100|60|77.5|95|3|7|30|0|0|0.5|0|0|1|0|0.2|3|1|1.9|15|2|4.9|20|44.5|69.5|85|||||10||12|23.5|35|0|0|0|0|0.25|0.5||||1.35|1.45|1.55||||1.42|1.52|1.58|2.66|1.4|2.7|4|0.13|0.17|0.2||||22.1|28.6|33.5|6.8|13.8|20.9|38|42|46|1.4|2.2|3|15|25|35|4|9.5|15|0|5|14|".55"|".55"|0|0|0|0|0|0|0|0|0|0|0.1|2||||10|15|20|0|2.5|5|4.5|5|5.5||||||||||9.5|16.2|23|||||||||||||||||||||"21856317"|"64452143"
"Eg"||"E"||||8|||61|||53||0|0|0|0|0|0|100|100|100|95|97.5|100|85|92.5|100|50|70|90|3|14.3|42.8|0|0.1|0.5|0|0.4|1|0|1|3|1|4.1|15|2|8.7|45|37.2|73.2|88|||||14.8||5|12.5|20|0|0|0|0.5|0.75|1||||1.35|1.45|1.55||||1.42|1.52|1.58|2.64|4|9|14|0.13|0.17|0.2||||17.5|23.8|28.2|3.5|8.2|12.9|38|42|46|0.7|1.4|2.1|15|22.5|30|0|3.5|7|0|0|6|".55"|".55"|0|0|0|0|0|0|0|0|0|0|0.1|2||||5|10|15|0|2.5|5|4.5|5|5.5||||||||||4.9|11.2|17.5|||||||||||||||||||||"21856317"|"64452144"
"Cg"||"C"||||142|||203|||61||0|0|0|0|0|0|100|100|100|95|97.5|100|85|92.5|100|60|77.5|95|3|7.5|30|0|0.4|0.5|0|0.6|1|0|1|3|1|2.4|15|2|3.1|20|39.5|64.5|85|||||8.5||12|28|35|0|0|0|0|0.25|0.5||||1.35|1.45|1.55||||1.42|1.52|1.58|2.66|1.4|2.7|4|0.13|0.17|0.2||||22.1|30.4|33.5|6.8|16.3|20.9|38|42|46|1.4|2.3|3|15|25|35|4|9.5|15|0|5|14|".49"|".49"|0|0|0|0|0|0|0|0|0|0|0.1|2||||10|15|20|0|2.5|5|4.5|5|5.5||||||||||9.5|16.7|23|||||||||||||||||||||"21856317"|"64452145"
"Cg"||"C"||||142|||203|||61||0|0|0|0|0|0|100|100|100|95|97.5|100|85|92.5|100|60|77.5|95|3|7.5|30|0|0.4|0.5|0|0.6|1|0|1|3|1|2.4|15|2|3.1|20|39.5|64.5|85|||||8.5||12|28|35|0|0|0|0|0.25|0.5||||1.35|1.45|1.55||||1.42|1.52|1.58|2.66|1.4|2.7|4|0.13|0.17|0.2||||22.1|30.4|33.5|6.8|16.3|20.9|38|42|46|1.4|2.3|3|15|25|35|4|9.5|15|0|5|14|".49"|".49"|0|0|0|0|0|0|0|0|0|0|0.1|2||||10|15|20|0|2.5|5|4.5|5|5.5||||||||||9.5|16.7|23|||||||||||||||||||||"21856345"|"64452179"
"A"||"A"||||0|||8|||8||0|0|0|0|0|0|100|100|100|95|97.5|100|85|92.5|100|50|70|90|2|14|30|0|0.1|0.5|0|0.4|1|0|1|3|1|4|15|2|8.5|20|50|71|88|||||12.4||3.5|15|25|0|0|0|0.5|1.75|3||||1.35|1.45|1.55||||1.42|1.52|1.58|2.63|4|9|14|0.13|0.17|0.2||||17.5|26.4|32|3.5|10.9|18.4|37|41|45|0.6|1.5|2.3|15|22.5|30|0|5|10|0|1|8|".49"|".49"|0|0|0|0|0|0|0|0|0|0|0.1|2||||5|10|15|0|2.5|5|4.5|5.3|6||||||||||4.1|12.5|20.9|||||||||||||||||||||"21856345"|"64452180"
"Eg"||"E"||||8|||61|||53||0|0|0|0|0|0|100|100|100|95|97.5|100|85|92.5|100|50|70|90|3|14.3|42.8|0|0.1|0.5|0|0.4|1|0|1|3|1|4.1|15|2|8.7|45|37.2|73.2|88|||||14.8||5|12.5|20|0|0|0|0.5|0.75|1||||1.35|1.45|1.55||||1.42|1.52|1.58|2.64|4|9|14|0.13|0.17|0.2||||17.5|23.8|28.2|3.5|8.2|12.9|38|42|46|0.7|1.4|2.1|15|22.5|30|0|3.5|7|0|0|6|".55"|".55"|0|0|0|0|0|0|0|0|0|0|0.1|2||||5|10|15|0|2.5|5|4.5|5|5.5||||||||||4.9|11.2|17.5|||||||||||||||||||||"21856345"|"64452181"
"Btg1"||"B"||1||61|||102|||41||0|0|0|0|0|0|100|100|100|95|97.5|100|85|92.5|100|70|82.5|95|3|7.3|30|0|0.4|0.5|0|0.6|1|0|1|3|1|2.3|15|2|3|20|44.2|64.7|85.2|||||9.8||11.8|28|32|0|0|0|0.5|0.75|1||||1.35|1.45|1.55||||1.42|1.52|1.58|2.65|0.42|1|1.4|0.13|0.17|0.2||||26|30.8|32.8|10.8|17|19.8|38|42|46|1.6|2.3|2.9|25|30|35|8|11|14|3|7|13|".49"|".49"|0|0|0|0|0|0|0|0|0|0|0.1|2||||10|15|20|0|2.5|5|4.5|5|5.5||||||||||10.2|17.4|23.4|||||||||||||||||||||"21856345"|"64452182"
"Btg2"||"B"||2||102|||142|||40||0|0|0|0|0|0|100|100|100|95|97.5|100|85|92.5|100|60|77.5|95|3|7|30|0|0|0.5|0|0|1|0|0.2|3|1|1.9|15|2|4.9|20|44.5|69.5|85|||||10||12|23.5|35|0|0|0|0|0.25|0.5||||1.35|1.45|1.55||||1.42|1.52|1.58|2.66|1.4|2.7|4|0.13|0.17|0.2||||22.1|28.6|33.5|6.8|13.8|20.9|38|42|46|1.4|2.2|3|15|25|35|4|9.5|15|0|5|14|".55"|".55"|0|0|0|0|0|0|0|0|0|0|0.1|2||||10|15|20|0|2.5|5|4.5|5|5.5||||||||||9.5|16.2|23|||||||||||||||||||||"21856345"|"64452183"
"A"||"A"||||0|||25|||25||0|0|0|0|0|0|100|100|100|100|100|100|90|95|100|85|90|95||14|||0.1|||0.4|||1|||4|||8.5|||71||||||||12|15|18|0|||0.5|1.25|2||||1.4|1.45|1.5||||1.47|1.52|1.58|2.65|4|9|14|0.2|0.21|0.22||||23.5|26.1|28.4|7.7|10.4|13.1|40|42|44|0|1.5|2.9|15|22.5|30|0|3.5|7|0|1|6|".43"|".43"|0|0|0|0|0|0|0|0|0|0|0|0||||3|4.2|6|4|6|18|4.5|5.3|6||||||||||6|9.5|13.5|||||||||||||||||||||"21856286"|"64452099"
"E"||"E"||||25|||94|||69||0|0|0|0|0|0|100|100|100|100|100|100|90|95|100|90|95|100||13.7|||0.1|||0.4|||1|||3.9|||8.3|||69.3||||||||7|17|27|0|||0|0.5|1||||1.45|1.5|1.6||||1.52|1.57|1.63|2.66|4|9|14|0.14|0.19|0.23||||19|26.6|31.4|4.2|10.9|17.5|38|41|43|0|1.5|2.9|15|22.5|30|0|5|10|0|2|9|".55"|".55"|0|0|0|0|0|0|0|0|0|0|0|0||||2|5.3|14|2|4|14|4.5|5|5.5||||||||||5.3|9.4|15.8|||||||||||||||||||||"21856286"|"64452100"
"Bwb"||"B"||||94|||183|||89||0|0|0|0|0|0|100|100|100|100|100|100|85|90|95|60|72.5|85||7|||0|||0|||0.2|||1.9|||4.9|||69.5||||||||12|23.5|35|0|||0|0.25|0.5||||1.45|1.58|1.7||||1.52|1.65|1.72|2.67|1.41|2.7|4|0.14|0.19|0.23||||23.4|29.9|34.5|7.6|15.2|22.8|34|38|43|0|1.5|2.9|15|22.5|30|0|4|8|0|0|6|".55"|".55"|0|0|0|0|0|0|0|0|0|0|0|0||||4|8.4|20|4|6|18|4.5|5|5.5||||||||||6.5|10.8|18.1|||||||||||||||||||||"21856286"|"64452101"
"Bw"||"B"|||10|13|20|30|38|56|20|25|46|0|0|0|0|0|0|100|100|100|100|100|100|95|100|100|83|90|98|5|16|20|0|0|1|0|0|1.7|0|0.4|2.7|1.6|4.4|6.3|2|11.2|12.8|50|61|75|||||||20|23|30|0|0|0|0|0.5|1||||1.29|1.36|1.43||||1.35|1.42|1.46||4|9|14|0.2|0.21|0.23||||26.6|28.4|31.4|10.9|13.1|17.5|43|46|48|1|1.4|2.3|29|33|41|13|16|21|9|13|23|".49"|".49"|0|0|0|0|0|0|0|0|0|0|1|2||||5.2|7|9.5|0.9|3.8|7.7|4.5|5|5.5||||||||||7.7|10.6|14.1|||||||||||||||||||||"21856358"|"64452191"
"A"||"A"|||0|0|0|10|13|20|10|13|20|0|0|0|0|0|0|100|100|100|100|100|100|93|99|100|81|90|100|5|15|20|0|0.2|0.3|0|0.5|0.7|0.1|1.2|1.5|1.4|4.4|5.5|3.5|8.7|12.8|53|63|85|||||||10|22|27|0|0|0|1|2|3||||1.33|1.38|1.42||||1.39|1.44|1.47||4|9|14|0.19|0.21|0.23||||22.6|29.5|32.1|6.8|14.7|18.6|43|44|46|0.4|1.4|2.2|23|36|42|6|14|18|2|11|19|".43"|".43"|0|0|0|0|0|0|0|0|0|0|1|2||||2.7|7.2|10.1|0.9|4|7|4.5|5.1|5.5||||||||||7.6|13|17.7|||||||||||||||||||||"21856358"|"64452192"
"Cg"||"C"|||43|114|132|91|183|203|15|69|127|0|0|0|0|0|0|100|100|100|100|100|100|92|99|100|78|89|100|10|17|30|0|0.2|0.3|0.2|0.5|0.6|0.8|1.2|1.3|3|4.9|6.6|5.8|10.2|22.3|50|68|85|||||||5|15|20|0|0|0|0|0.2|0.5||||1.39|1.4|1.4||||1.42|1.43|1.45||4|9|14|0.2|0.22|0.24||||16.5|24.5|27.4|2.8|8.7|11.8|45|45|45|0.1|0.8|1.1|16|25|30|2|9|13|0|7|14|".55"|".55"|0|0|0|0|0|0|0|0|0|0|1|2||||1.1|3.9|5.9|1.1|2|3.9|4.5|5|5.5||||||||||4.7|8.1|10.9|||||||||||||||||||||"21856358"|"64452193"
"Bg"||"B"|||30|38|56|43|114|132|13|76|102|0|0|0|0|0|0|100|100|100|100|100|100|95|100|100|83|90|98|5|16|18|0|0|0.9|0|0|1.5|0.1|0.4|2.4|1.4|4.4|5.7|3.5|11.2|12.2|50|60|75|||||||20|24|32|0|0|0|0|0.2|0.5||||1.44|1.46|1.47||||1.51|1.53|1.58||4|9|14|0.2|0.22|0.24||||27.2|29.2|32.5|11.7|14.3|19.3|42|43|43|1|1.5|2.6|29|33|42|13|16|22|9|13|24|".49"|".49"|0|0|0|0|0|0|0|0|0|0|1|2||||5.2|7.3|10.2|0.9|3.9|8.7|4.5|5|5.5||||||||||7.7|10.3|13.7|||||||||||||||||||||"21856358"|"64452194"
"Ap"||"A"||||0|||28|||28||0|0|0|0|0|0|95|97.5|100|95|97.5|100|65|77.5|90|30|37.5|45||67.6|||0.1|||3.1|||15.3|||32.4|||16.7|||20.4||||||||7|12|17||||0.5|1.25|2||||1.35|1.48|1.6||||1.42|1.55|1.61|2.64|14|28|42|0.1|0.12|0.14||||14.4|19.1|22.9|5.2|9.6|14.1|36|40|46|0|1.5|2.9|0|7|14|0|0|0|0|0|0|".24"|".24"|0|0|0|0|0|0|0|0|0|0|0|0||||1|3.2|5|0|2.5|5|4.5|5.3|6||||||||||0.9|5.4|9.6|||||||||||||||||||||"21856290"|"64452102"
"C"||"C"||||89|||152|||63||0|0|0|0|0|0|95|97.5|100|90|95|100|60|72.5|85|10|22.5|35||71.3|||0.1|||3.3|||16.2|||34.2|||17.5|||16.7||||||||4|12|20||||0|0.25|0.5||||1.4|1.55|1.7||||1.47|1.62|1.77|2.66|14|78|141|0.05|0.08|0.1||||10.3|17.9|23.3|2.6|8.5|14.7|32|38|45|0|1.5|2.9|0|7|14|0|0|0|0|0|0|".24"|".24"|0|0|0|0|0|0|0|0|0|0|0|0||||1|3.9|10|0|2.5|5|4.5|5.3|6||||||||||0|4.6|12.3|||||||||||||||||||||"21856290"|"64452103"
"Bt"||"B"||||28|||89|||61||0|0|0|0|0|0|90|95|100|80|90|100|75|82.5|90|40|57.5|75||55.8|||1.3|||8.2|||14.8|||20.2|||11.3|||17.7||||||||18|26.5|35||||0|0.5|1||||1.35|1.48|1.6||||1.42|1.55|1.62|2.67|4|9|14|0.12|0.16|0.2||||18.1|23.6|28.6|9.8|16.1|23|33|39|46|0|1.5|2.9|22|28.5|35|8|11.5|15|0|3|10|".20"|".20"|0|0|0|0|0|0|0|0|0|0|0|0||||5|8.9|18|0|2.5|5|4.5|5.3|6||||||||||5|11.1|21.9|||||||||||||||||||||"21856290"|"64452104"
"Ap"||"A"|||0|0|0|5|15|45||15||0|0|0|0|0|0|100|100|100|85|100|100|74|92|95|34|45|50|54.1|64.6|74|0.1|0.3|1|3|4.5|6|11|14.3|17|25|28.1|30|15|17.4|20|22|26.9|32|||||||2|8.5|15|0|0|0|0.5|1.25|2||||1.52|1.54|1.55||||1.47|1.52|1.59||14.11|28.23|42.34|0.14|0.15|0.16||||8.9|17.5|22.3|1.9|7.7|13.3|35|39|40|0|0.4|2.9|0|23|31|0|5|10|0|0|2|".28"|".28"|0|0|0|0|0|0|0|0|0|0|2|4||||1|1.3|3.7|3|8|11|4.5|5|5.5||||||||||1|3.7|8.2|||||||||||||||||||||"21856344"|"64452176"
"Bt1"||"B"||1|5|15|45|104|114|144||99||0|0|0|0|0|0|100|100|100|85|100|100|73|90|94|53|68|73|40|50|60|1|4|5|3|6|7|6|11|13|11|15|19|10|14|16|19.9|25|32|||||||18|25|33|0|0|0|0.25|0.6|0.75||||1.44|1.53|1.62||||1.47|1.55|1.62||4.23|9.17|14.11|0.15|0.16|0.17||||24.5|30.7|33.6|10.3|16.4|21.2|33|40|43|0|1|2.9|28|36|43|12|17|23|3|8|17|".32"|".32"|0|0|0|0|0|0|0|0|0|0|2|4||||2.8|3.1|4.5|11|22|28|4.5|5|5.5||||||||||4|6.2|9.2|||||||||||||||||||||"21856344"|"64452177"
"Bt2"||"B"||2|104|114|144|201|216|220||102||0|0|0|0|0|0|100|100|100|85|100|100|62|77|82|29|40|46|50|65.6|67|1|4|5|7|14.4|16|12|18.1|20|13|19.5|21|7|9.6|12|13|14.9|30|||||||18|19.5|22|0|0|0|0.05|0.3|0.5||||1.61|1.62|1.63||||1.47|1.55|1.62||14.11|28.23|42.34|0.14|0.15|0.16||||17.9|22.6|25|9.3|13.7|17.1|33|37|37|0|0.7|2.9|25|30|35|9|13|16|0|4|12|".17"|".17"|0|0|0|0|0|0|0|0|0|0|2|4||||1.9|2.1|3.1|16|20|23|4.5|5|5.5||||||||||2.6|4.3|6.6|||||||||||||||||||||"21856344"|"64452178"
"Ap"||"A"|||0|0|0|5|15|45||15||0|0|0|0|0|0|100|100|100|85|100|100|74|92|95|34|45|50|54.1|64.6|74|0.1|0.3|1|3|4.5|6|11|14.3|17|25|28.1|30|15|17.4|20|22|26.9|32|||||||2|8.5|15|0|0|0|0.5|1.25|2||||1.52|1.54|1.55||||1.47|1.52|1.59||14.11|28.23|42.34|0.14|0.15|0.16||||8.9|17.5|22.3|1.9|7.7|13.3|35|39|40|0|0.4|2.9|0|23|31|0|5|10|0|0|2|".28"|".28"|0|0|0|0|0|0|0|0|0|0|2|4||||1|1.3|3.7|3|8|11|4.5|5|5.5||||||||||1|3.7|8.2|||||||||||||||||||||"21856309"|"64452133"
"Bt1"||"B"||1|5|15|45|104|114|144||99||0|0|0|0|0|0|100|100|100|85|100|100|73|90|94|53|68|73|40|50|60|1|4|5|3|6|7|6|11|13|11|15|19|10|14|16|19.9|25|32|||||||18|25|33|0|0|0|0.25|0.6|0.75||||1.44|1.53|1.62||||1.47|1.55|1.62||4.23|9.17|14.11|0.15|0.16|0.17||||24.5|30.7|33.6|10.3|16.4|21.2|33|40|43|0|1|2.9|28|36|43|12|17|23|3|8|17|".32"|".32"|0|0|0|0|0|0|0|0|0|0|2|4||||2.8|3.1|4.5|11|22|28|4.5|5|5.5||||||||||4|6.2|9.2|||||||||||||||||||||"21856309"|"64452134"
"Bt2"||"B"||2|104|114|144|201|216|220||102||0|0|0|0|0|0|100|100|100|85|100|100|62|77|82|29|40|46|50|65.6|67|1|4|5|7|14.4|16|12|18.1|20|13|19.5|21|7|9.6|12|13|14.9|30|||||||18|19.5|22|0|0|0|0.05|0.3|0.5||||1.61|1.62|1.63||||1.47|1.55|1.62||14.11|28.23|42.34|0.14|0.15|0.16||||17.9|22.6|25|9.3|13.7|17.1|33|37|37|0|0.7|2.9|25|30|35|9|13|16|0|4|12|".17"|".17"|0|0|0|0|0|0|0|0|0|0|2|4||||1.9|2.1|3.1|16|20|23|4.5|5|5.5||||||||||2.6|4.3|6.6|||||||||||||||||||||"21856309"|"64452135"
"Bt"||"B"||||58|||152|||94||0|0|0|0|0|0|100|100|100|100|100|100|95|97.5|100|95|97.5|100|0.5|7|||0.4|||0.6|||0.9|||2.2|||2.9|||64.5||||||||22|28.5|35|0|||0|0.5|1||||1.3|1.5|1.7||||1.51|1.71|1.78|2.67|0.42|1|1.4|0.2|0.21|0.22||||28.4|31.6|34.2|13.2|17.8|22.3|34|41|48|3|4.5|5.9|30|37.5|45|11|17.5|24|9|17|26|".49"|".49"|0|0|0|0|0|0|0|0|0|0|0|0|5|15|25|5|15|25|2|13|25|4.5|5|5.5||||||||||4.4|8.6|12.8|||||||||||||||||||||"21856266"|"64452074"
"Ap"||"A"||||0|||58|||58||0|0|0|0|0|0|100|100|100|100|100|100|100|100|100|95|97.5|100|1|11.7|||0.2|||0.4|||0.9|||3.5|||6.7|||69.8||||||||10|18.5|27|0|||0.5|1.25|2||||1.3|1.48|1.65||||1.37|1.55|1.72|2.65|1.4|2.7|4|0.21|0.22|0.23||||22.3|28|32.1|6.6|12.7|18.6|35|41|48|0|1.5|2.9|15|23|31|0|5|10|0|3|10|".43"|".43"|0|0|0|0|0|0|0|0|0|0|0|0|4|9.5|15|5|10|15|3|8|13|4.5|5.3|6||||||||||0.5|6.3|12.7|||||||||||||||||||||"21856266"|"64452075"
"A"||"A"||||0|||64|||64||0|0|0|0|0|0|100|100|100|100|100|100|100|100|100|90|95|100|1|11.7|15||0.2|||0.4|||0.9|||3.5|||6.7||60|69.8|75|||||||10|18.5|27|0|0|0|0.5|1.25|2||||1.4|1.48|1.55||||1.47|1.55|1.61|2.65|4|9|14|0.2|0.22|0.23||||22.3|28|32.1|6.6|12.7|18.6|39|41|44|0.7|1.5|2.8|25|30|35|5|10|15|3|9|15|".43"|".43"|0|0|0|0|0|0|0|0|0|0|1|2|5|10|15||||4|8|13|5.1|5.6|6||||||||||3.3|6|9|||||||||||||||||||||"21856370"|"64452216"
"Btx1"||"B"||1|54|64|74||127|||63||0|0|0|0|0|0|100|100|100|100|100|100|100|100|100|90|92.5|95|1|11.3|15||0.1|||0.4|||0.9|||3.3|||6.6||60|67.7|75|||||||10|21|32|0|0|0|0.1|0.55|1||||1.35|1.45|1.55||||1.42|1.52|1.58|2.66|0.42|1|1.4|0.09|0.11|0.12||||21.5|28.2|32.8|5.9|12.9|19.8|39|43|46|0.4|0.9|1.4|30|35|40|12|16|20|9|14|20|".55"|".55"|0|0|0|0|0|0|0|0|0|0|1|2||||3|6.5|10|2|10|20|4.5|5.3|6||||||||||0|5.9|12.2|||||||||||||||||||||"21856370"|"64452217"
"Btx2"||"B"||2||127||174|203|203||76||0|0|0|0|0|0|100|100|100|100|100|100|100|100|100|90|95|100|0.5|7|9||0|||0|||0.2|||1.9|||4.9||60|69|75|||||||16|24|32|0|0|0|0.1|0.3|0.5||||1.45|1.5|1.55||||1.52|1.57|1.63|2.67|0.42|1|1.4|0.09|0.11|0.12||||25.5|29.6|32.8|9.7|14.8|19.9|39|41|43|1|1.6|2.3|25|30|35|5|10|15|3|9|15|".55"|".55"|0|0|0|0|0|0|0|0|0|0|1|2|8|13|18||||2|13|25|5.1|6.5|7.8||||||||||0|3.4|8.6|||||||||||||||||||||"21856370"|"64452218"
"B/E"||"B/E"||||71|||102|||31||0|0|0|0|0|0|100|100|100|100|100|100|100|100|100|90|92.5|95|0.5|7.6|||0.4|||0.6|||1|||2.4|||3.2|||64.4||||||||10|28|32|0|||0|0.5|1||||1.35|1.45|1.55||||1.42|1.52|1.58|2.67|0.42|1|1.4|0.09|0.11|0.12||||21.3|31|32.8|5.8|16.9|19.8|39|43|46|0|1.5|2.9|30|35|40|12|16|20|9|14|20|".49"|".49"|0|0|0|0|0|0|0|0|0|0|0|0||||4|6|10|2|6|12|4.5|5.3|6||||||||||0|7.1|12.2|||||||||||||||||||||"21856270"|"64452076"
"A"||"A"||||0|||71|||71||0|0|0|0|0|0|100|100|100|100|100|100|100|100|100|90|95|100|1|11.7|||0.2|||0.4|||0.9|||3.5|||6.7|||69.8||||||||10|18.5|27|0|||0.5|1.25|2||||1.4|1.48|1.55||||1.47|1.55|1.61|2.65|4|9|14|0.2|0.22|0.23||||22.3|28|32.1|6.6|12.7|18.6|39|41|44|0|1.5|2.9|25|30|35|5|10|15|3|9|15|".43"|".43"|0|0|0|0|0|0|0|0|0|0|0|0||||2|5|8|4|8|13|4.5|5.3|6||||||||||0.5|6.3|12.7|||||||||||||||||||||"21856270"|"64452077"
"Btx"||"B"||||102|||183|||81||0|0|0|0|0|0|100|100|100|100|100|100|100|100|100|90|95|100|0.5|7|||0|||0|||0.2|||1.9|||4.9|||69||||||||16|24|32|0|||0|0.25|0.5||||1.45|1.5|1.55||||1.52|1.57|1.63|2.67|0.42|1|1.4|0.09|0.11|0.12||||25.4|29.6|32.8|9.6|14.7|19.9|39|41|43|0|1.5|2.9|25|30|35|5|10|15|3|9|15|".55"|".55"|0|0|0|0|0|0|0|0|0|0|0|0|8|13|18||||6|12|18|5.1|6.5|7.8||||||||||0|3.3|8.6|||||||||||||||||||||"21856270"|"64452078"
"BCg"||"BC"||||71|||152|||81||0|0|0|0|0|0|100|100|100|100|100|100|95|97.5|100|85|92.5|100|5|17.5|35|0|1.3|2|0|1.9|5|0|2.7|5|1|5.5|20|2|6.1|20|14.5|43.5|72.5|||||||27|39|55|0|||0|0.25|0.5||||1.3|1.48|1.65||||1.51|1.69|1.76|2.65|0.42|1|1.4|0.2|0.21|0.22||||30.4|34.8|39.3|16|23.4|33.1|36|42|48|3|4.5|5.9|38|49|60|18|26.5|35|15|26|40|".32"|".32"|0|0|0|0|0|0|0|0|0|0|0|0|12|19|26||||5|17|26|4.5|6.5|8.4||||||||||0|4.6|12|||||||||||||||||||||"21856319"|"64452146"
"Btg"||"B"||||51|||71|||20||0|0|0|0|0|0|100|100|100|100|100|100|95|97.5|100|85|92.5|100|20|28.1|35|0|2.2|3|1|2.7|5|2|5.3|10|5|9.8|20|5|8.1|20|14.4|29.4|44.4|||||||35|42.5|50|0|||0.5|0.75|1||||1.2|1.38|1.55||||1.53|1.71|1.78|2.64|0.01|0.21|0.42|0.19|0.2|0.21||||29.1|37.9|39.3|19.4|23.7|28|39|45|52|6|7.5|8.9|41|50.5|60|20|27.5|35|17|28|40|".28"|".28"|0|0|0|0|0|0|0|0|0|0|0|0|12|18|24||||5|16|24|4.5|6.5|8.4||||||||||0|4.7|11.9|||||||||||||||||||||"21856319"|"64452147"
"A"||"A"||||0|||51|||51||0|0|0|0|0|0|100|100|100|100|100|100|95|97.5|100|80|90|100|20|27.1|35|0|2.2|3|1|3.1|5|1|4.4|10|5|8.5|20|5|8.9|20|38.4|54.4|70.4|||||||10|18.5|27|0|||0.5|1.25|2||||1.3|1.48|1.65||||1.37|1.55|1.72|2.63|1.4|2.7|4|0.2|0.22|0.23||||22.3|28|32.1|6.6|12.7|18.6|35|41|48|0|1.5|2.9|15|22.5|30|0|5|10|0|2|9|".43"|".43"|0|0|0|0|0|0|0|0|0|0|0|0|4|7|10||||2|6|10|4.5|6.5|8.4||||||||||0|2.8|9.7|||||||||||||||||||||"21856319"|"64452148"
"A"||"A"||||0|||10|||10||0|0|0|0|0|0|100|100|100|100|100|100|95|97.5|100|90|95|100|1|14.2|||0.1|||0.4|||1|||4.1|||8.6|||71.8||||||||12|14|16|0|||0.5|1.25|2||||1.4|1.45|1.5||||1.47|1.52|1.58|2.64|4|9|14|0.2|0.22|0.23||||23.5|25.6|27.5|7.7|9.8|12|40|42|44|0|1.5|2.9|25|28|31|4|5.5|7|2|4|7|".49"|".49"|0|0|0|0|0|0|0|0|0|0|0|0||||5|10|15|2|8|14|4.5|5.3|6||||||||||0.9|5.5|10.6|||||||||||||||||||||"21856291"|"64452105"
"Bw"||"B"||||10|||66|||56||0|0|0|0|0|0|100|100|100|100|100|100|95|97.5|100|90|95|100|0.5|7.4|||0.4|||0.6|||1|||2.3|||3.1|||64.6||||||||18|28|30|0|||0|0.5|1||||1.4|1.45|1.5||||1.47|1.52|1.58|2.67|4|9|14|0.2|0.22|0.23||||26.2|31|32.1|10.4|16.9|18.7|41|43|44|0|1.5|2.9|27|33.5|40|8|13.5|19|5|12|20|".43"|".43"|0|0|0|0|0|0|0|0|0|0|0|0||||5|10|15|2|8|14|4.5|5.3|6||||||||||1.3|7.1|11.9|||||||||||||||||||||"21856291"|"64452106"
"Btx"||"B"||||112|||183|||71||0|0|0|0|0|0|100|100|100|100|100|100|95|97.5|100|90|95|100|0.5|7|||0|||0|||0.2|||1.9|||4.9|||69.5||||||||15|23.5|32|0|||0|0.25|0.5||||1.45|1.53|1.6||||1.52|1.6|1.67|2.67|0.42|1|1.4|0.1|0.11|0.12||||25|29.6|33.1|9.2|14.7|20.3|37|40|43|0|1.5|2.9|25|35|45|5|14.5|24|3|14|26|".55"|".55"|0|0|0|0|0|0|0|0|0|0|0|0|5|10|15||||2|8|14|5.1|6.2|7.3||||||||||0|3.6|8|||||||||||||||||||||"21856291"|"64452107"
"E"||"E"||||66|||74|||8||0|0|0|0|0|0|100|100|100|100|100|100|95|97.5|100|90|95|100|1|14.2|||0.1|||0.4|||1|||4.1|||8.6|||71.8||||||||12|14|16|0|||0|0.25|0.5||||1.35|1.43|1.5||||1.42|1.5|1.56|2.66|4|9|14|0.2|0.22|0.23||||22.6|24.2|25.6|6.9|8.3|9.8|41|44|46|0|1.5|2.9|20|25|30|5|7.5|10|1|5|9|".64"|".64"|0|0|0|0|0|0|0|0|0|0|0|0||||5|10|15|2|8|14|4.5|5.3|6||||||||||0.2|4.1|8.5|||||||||||||||||||||"21856291"|"64452108"
"Btx/E"||"B/E"||||74|||112|||38||0|0|0|0|0|0|100|100|100|100|100|100|95|97.5|100|90|95|100|0.5|7|||0|||0|||0.2|||1.9|||4.9|||69.5||||||||15|23.5|32|0|||0|0.25|0.5||||1.45|1.53|1.6||||1.52|1.6|1.67|2.67|0.42|1|1.4|0.1|0.11|0.12||||25|29.6|33.1|9.2|14.7|20.3|37|40|43|0|1.5|2.9|25|35|45|5|14.5|24|3|14|26|".55"|".55"|0|0|0|0|0|0|0|0|0|0|0|0||||5|10|15|2|8|14|4.5|5.3|6||||||||||0.7|5.9|11.5|||||||||||||||||||||"21856291"|"64452109"
"Bw"||"B"||||10|||66|||56||0|0|0|0|0|0|100|100|100|100|100|100|95|97.5|100|90|95|100|0.5|7.4|||0.4|||0.6|||1|||2.3|||3.1|||64.6||||||||18|28|30|0|||0|0.5|1||||1.4|1.45|1.5||||1.47|1.52|1.58|2.67|4|9|14|0.2|0.22|0.23||||26.2|31|32.1|10.4|16.9|18.7|41|43|44|0|1.5|2.9|27|33.5|40|8|13.5|19|5|12|20|".43"|".43"|0|0|0|0|0|0|0|0|0|0|0|0||||5|10|15|2|8|14|4.5|5.3|6||||||||||1.3|7.1|11.9|||||||||||||||||||||"21856325"|"64452149"
"Ap"||"A"||||0|||10|||10||0|0|0|0|0|0|100|100|100|100|100|100|95|97.5|100|90|95|100|1|14.2|||0.1|||0.4|||1|||4.1|||8.6|||71.8||||||||12|14|16|0|||0.5|1.25|2||||1.4|1.45|1.5||||1.47|1.52|1.58|2.64|4|9|14|0.2|0.22|0.23||||23.5|25.6|27.5|7.7|9.8|12|40|42|44|0|1.5|2.9|25|28|31|4|5.5|7|2|4|7|".49"|".49"|0|0|0|0|0|0|0|0|0|0|0|0||||5|10|15|2|8|14|4.5|5.3|6||||||||||0.9|5.5|10.6|||||||||||||||||||||"21856325"|"64452150"
"Btx"||"B"||||112|||183|||71||0|0|0|0|0|0|100|100|100|100|100|100|95|97.5|100|90|95|100|0.5|7|||0|||0|||0.2|||1.9|||4.9|||69.5||||||||15|23.5|32|0|||0|0.25|0.5||||1.45|1.53|1.6||||1.52|1.6|1.67|2.67|0.42|1|1.4|0.1|0.11|0.12||||25|29.6|33.1|9.2|14.7|20.3|37|40|43|0|1.5|2.9|25|35|45|5|14.5|24|3|14|26|".55"|".55"|0|0|0|0|0|0|0|0|0|0|0|0|5|10|15||||2|8|14|5.1|6.2|7.3||||||||||0|3.6|8|||||||||||||||||||||"21856325"|"64452151"
"E"||"E"||||66|||74|||8||0|0|0|0|0|0|100|100|100|100|100|100|95|97.5|100|90|95|100|1|14.2|||0.1|||0.4|||1|||4.1|||8.6|||71.8||||||||12|14|16|0|||0|0.25|0.5||||1.35|1.43|1.5||||1.42|1.5|1.56|2.66|4|9|14|0.2|0.22|0.23||||22.6|24.2|25.6|6.9|8.3|9.8|41|44|46|0|1.5|2.9|20|25|30|5|7.5|10|1|5|9|".64"|".64"|0|0|0|0|0|0|0|0|0|0|0|0||||5|10|15|2|8|14|4.5|5.3|6||||||||||0.2|4.1|8.5|||||||||||||||||||||"21856325"|"64452152"
"Btx/E"||"B/E"||||74|||112|||38||0|0|0|0|0|0|100|100|100|100|100|100|95|97.5|100|90|95|100|0.5|7|||0|||0|||0.2|||1.9|||4.9|||69.5||||||||15|23.5|32|0|||0|0.25|0.5||||1.45|1.53|1.6||||1.52|1.6|1.67|2.67|0.42|1|1.4|0.1|0.11|0.12||||25|29.6|33.1|9.2|14.7|20.3|37|40|43|0|1.5|2.9|25|35|45|5|14.5|24|3|14|26|".55"|".55"|0|0|0|0|0|0|0|0|0|0|0|0||||5|10|15|2|8|14|4.5|5.3|6||||||||||0.7|5.9|11.5|||||||||||||||||||||"21856325"|"64452153"
"Ap"||"A"||||0|||10|||10||0|0|0|0|0|0|100|100|100|100|100|100|95|97.5|100|90|95|100|1|14.2|||0.1|||0.4|||1|||4.1|||8.6|||71.8||||||||12|14|16|0|||0.5|1.25|2||||1.4|1.45|1.5||||1.47|1.52|1.58|2.64|4|9|14|0.2|0.22|0.23||||23.5|25.6|27.5|7.7|9.8|12|40|42|44|0|1.5|2.9|25|28|31|4|5.5|7|2|4|7|".49"|".49"|0|0|0|0|0|0|0|0|0|0|0|0||||5|10|15|2|8|14|4.5|5.3|6||||||||||0.9|5.5|10.6|||||||||||||||||||||"21856297"|"64452110"
"Bw"||"B"||||10|||66|||56||0|0|0|0|0|0|100|100|100|100|100|100|95|97.5|100|90|95|100|0.5|7.4|||0.4|||0.6|||1|||2.3|||3.1|||64.6||||||||18|28|30|0|||0|0.5|1||||1.4|1.45|1.5||||1.47|1.52|1.58|2.67|4|9|14|0.2|0.22|0.23||||26.2|31|32.1|10.4|16.9|18.7|41|43|44|0|1.5|2.9|27|33.5|40|8|13.5|19|5|12|20|".43"|".43"|0|0|0|0|0|0|0|0|0|0|0|0||||5|10|15|2|8|14|4.5|5.3|6||||||||||1.3|7.1|11.9|||||||||||||||||||||"21856297"|"64452111"
"Btx"||"B"||||112|||183|||71||0|0|0|0|0|0|100|100|100|100|100|100|95|97.5|100|90|95|100|0.5|7|||0|||0|||0.2|||1.9|||4.9|||69.5||||||||15|23.5|32|0|||0|0.25|0.5||||1.45|1.53|1.6||||1.52|1.6|1.67|2.67|0.42|1|1.4|0.1|0.11|0.12||||25|29.6|33.1|9.2|14.7|20.3|37|40|43|0|1.5|2.9|25|35|45|5|14.5|24|3|14|26|".55"|".55"|0|0|0|0|0|0|0|0|0|0|0|0|5|10|15||||2|8|14|5.1|6.2|7.3||||||||||0|3.6|8|||||||||||||||||||||"21856297"|"64452112"
"E"||"E"||||66|||74|||8||0|0|0|0|0|0|100|100|100|100|100|100|95|97.5|100|90|95|100|1|14.2|||0.1|||0.4|||1|||4.1|||8.6|||71.8||||||||12|14|16|0|||0|0.25|0.5||||1.35|1.43|1.5||||1.42|1.5|1.56|2.66|4|9|14|0.2|0.22|0.23||||22.6|24.2|25.6|6.9|8.3|9.8|41|44|46|0|1.5|2.9|20|25|30|5|7.5|10|1|5|9|".64"|".64"|0|0|0|0|0|0|0|0|0|0|0|0||||5|10|15|2|8|14|4.5|5.3|6||||||||||0.2|4.1|8.5|||||||||||||||||||||"21856297"|"64452113"
"Btx/E"||"B/E"||||74|||112|||38||0|0|0|0|0|0|100|100|100|100|100|100|95|97.5|100|90|95|100|0.5|7|||0|||0|||0.2|||1.9|||4.9|||69.5||||||||15|23.5|32|0|||0|0.25|0.5||||1.45|1.53|1.6||||1.52|1.6|1.67|2.67|0.42|1|1.4|0.1|0.11|0.12||||25|29.6|33.1|9.2|14.7|20.3|37|40|43|0|1.5|2.9|25|35|45|5|14.5|24|3|14|26|".55"|".55"|0|0|0|0|0|0|0|0|0|0|0|0||||5|10|15|2|8|14|4.5|5.3|6||||||||||0.7|5.9|11.5|||||||||||||||||||||"21856297"|"64452114"
"Ap"||"A"||||0|||10|||10||0|0|0|0|0|0|100|100|100|100|100|100|95|97.5|100|90|95|100|1|14.2|||0.1|||0.4|||1|||4.1|||8.6|||71.8||||||||12|14|16|0|||0.5|1.25|2||||1.4|1.45|1.5||||1.47|1.52|1.58|2.64|4|9|14|0.2|0.22|0.23||||23.5|25.6|27.5|7.7|9.8|12|40|42|44|0|1.5|2.9|25|28|31|4|5.5|7|2|4|7|".49"|".49"|0|0|0|0|0|0|0|0|0|0|0|0||||5|10|15|2|8|14|4.5|5.3|6||||||||||0.9|5.5|10.6|||||||||||||||||||||"21856359"|"64452195"
"Btx"||"B"||||112|||183|||71||0|0|0|0|0|0|100|100|100|100|100|100|95|97.5|100|90|95|100|0.5|7|||0|||0|||0.2|||1.9|||4.9|||69.5||||||||15|23.5|32|0|||0|0.25|0.5||||1.45|1.53|1.6||||1.52|1.6|1.67|2.67|0.42|1|1.4|0.1|0.11|0.12||||25|29.6|33.1|9.2|14.7|20.3|37|40|43|0|1.5|2.9|25|35|45|5|14.5|24|3|14|26|".55"|".55"|0|0|0|0|0|0|0|0|0|0|0|0|5|10|15||||2|8|14|5.1|6.2|7.3||||||||||0|3.6|8|||||||||||||||||||||"21856359"|"64452196"
"E"||"E"||||66|||74|||8||0|0|0|0|0|0|100|100|100|100|100|100|95|97.5|100|90|95|100|1|14.2|||0.1|||0.4|||1|||4.1|||8.6|||71.8||||||||12|14|16|0|||0|0.25|0.5||||1.35|1.43|1.5||||1.42|1.5|1.56|2.66|4|9|14|0.2|0.22|0.23||||22.6|24.2|25.6|6.9|8.3|9.8|41|44|46|0|1.5|2.9|20|25|30|5|7.5|10|1|5|9|".64"|".64"|0|0|0|0|0|0|0|0|0|0|0|0||||5|10|15|2|8|14|4.5|5.3|6||||||||||0.2|4.1|8.5|||||||||||||||||||||"21856359"|"64452197"
"Btx/E"||"B/E"||||74|||112|||38||0|0|0|0|0|0|100|100|100|100|100|100|95|97.5|100|90|95|100|0.5|7|||0|||0|||0.2|||1.9|||4.9|||69.5||||||||15|23.5|32|0|||0|0.25|0.5||||1.45|1.53|1.6||||1.52|1.6|1.67|2.67|0.42|1|1.4|0.1|0.11|0.12||||25|29.6|33.1|9.2|14.7|20.3|37|40|43|0|1.5|2.9|25|35|45|5|14.5|24|3|14|26|".55"|".55"|0|0|0|0|0|0|0|0|0|0|0|0||||5|10|15|2|8|14|4.5|5.3|6||||||||||0.7|5.9|11.5|||||||||||||||||||||"21856359"|"64452198"
"Bw"||"B"||||10|||66|||56||0|0|0|0|0|0|100|100|100|100|100|100|95|97.5|100|90|95|100|0.5|7|||0|||0|||0.2|||1.9|||4.9|||69||||||||18|24|30|0|||0|0.5|1||||1.4|1.45|1.5||||1.47|1.52|1.58|2.67|4|9|14|0.2|0.22|0.23||||26.2|29.4|32.1|10.4|14.6|18.7|41|43|44|0|1.5|2.9|27|33.5|40|8|13.5|19|5|12|20|".49"|".49"|0|0|0|0|0|0|0|0|0|0|0|0||||5|10|15|2|8|14|4.5|5.3|6||||||||||1.3|6.4|11.9|||||||||||||||||||||"21856359"|"64452199"
"A"||"A"||||0|||10|||10||0|0|0|0|0|0|100|100|100|100|100|100|95|97.5|100|90|95|100|1|14.2|||0.1|||0.4|||1|||4.1|||8.6|||71.8||||||||12|14|16|0|||0.5|1.25|2||||1.4|1.45|1.5||||1.47|1.52|1.58|2.64|4|9|14|0.2|0.22|0.23||||23.5|25.6|27.5|7.7|9.8|12|40|42|44|0|1.5|2.9|25|28|31|4|5.5|7|2|4|7|".49"|".49"|0|0|0|0|0|0|0|0|0|0|0|0||||5|10|15|2|8|14|4.5|5.3|6||||||||||0.9|5.5|10.6|||||||||||||||||||||"21856360"|"64452200"
"Bw"||"B"||||10|||66|||56||0|0|0|0|0|0|100|100|100|100|100|100|95|97.5|100|90|95|100|0.5|7.4|||0.4|||0.6|||1|||2.3|||3.1|||64.6||||||||18|28|30|0|||0|0.5|1||||1.4|1.45|1.5||||1.47|1.52|1.58|2.67|4|9|14|0.2|0.22|0.23||||26.2|31|32.1|10.4|16.9|18.7|41|43|44|0|1.5|2.9|27|33.5|40|8|13.5|19|5|12|20|".43"|".43"|0|0|0|0|0|0|0|0|0|0|0|0||||5|10|15|2|8|14|4.5|5.3|6||||||||||1.3|7.1|11.9|||||||||||||||||||||"21856360"|"64452201"
"Btx"||"B"||||112|||183|||71||0|0|0|0|0|0|100|100|100|100|100|100|95|97.5|100|90|95|100|0.5|7|||0|||0|||0.2|||1.9|||4.9|||69.5||||||||15|23.5|32|0|||0|0.25|0.5||||1.45|1.53|1.6||||1.52|1.6|1.67|2.67|0.42|1|1.4|0.1|0.11|0.12||||25|29.6|33.1|9.2|14.7|20.3|37|40|43|0|1.5|2.9|25|35|45|5|14.5|24|3|14|26|".55"|".55"|0|0|0|0|0|0|0|0|0|0|0|0|5|10|15||||2|8|14|5.1|6.2|7.3||||||||||0|3.6|8|||||||||||||||||||||"21856360"|"64452202"
"E"||"E"||||66|||74|||8||0|0|0|0|0|0|100|100|100|100|100|100|95|97.5|100|90|95|100|1|14.2|||0.1|||0.4|||1|||4.1|||8.6|||71.8||||||||12|14|16|0|||0|0.25|0.5||||1.35|1.43|1.5||||1.42|1.5|1.56|2.66|4|9|14|0.2|0.22|0.23||||22.6|24.2|25.6|6.9|8.3|9.8|41|44|46|0|1.5|2.9|20|25|30|5|7.5|10|1|5|9|".64"|".64"|0|0|0|0|0|0|0|0|0|0|0|0||||5|10|15|2|8|14|4.5|5.3|6||||||||||0.2|4.1|8.5|||||||||||||||||||||"21856360"|"64452203"
"Btx/E"||"B/E"||||74|||112|||38||0|0|0|0|0|0|100|100|100|100|100|100|95|97.5|100|90|95|100|0.5|7|||0|||0|||0.2|||1.9|||4.9|||69.5||||||||15|23.5|32|0|||0|0.25|0.5||||1.45|1.53|1.6||||1.52|1.6|1.67|2.67|0.42|1|1.4|0.1|0.11|0.12||||25|29.6|33.1|9.2|14.7|20.3|37|40|43|0|1.5|2.9|25|35|45|5|14.5|24|3|14|26|".55"|".55"|0|0|0|0|0|0|0|0|0|0|0|0||||5|10|15|2|8|14|4.5|5.3|6||||||||||0.7|5.9|11.5|||||||||||||||||||||"21856360"|"64452204"
"Ap"||"A"||||0|||18|||18||0|0|0|0|0|0|100|100|100|100|100|100|95|97.5|100|90|95|100||14.2|||0.1|||0.4|||1|||4.1|||8.6|||72.3||||||||9|13.5|18|0|||0.5|1.25|2||||1.35|1.4|1.45||||1.41|1.46|1.53|2.64|4|9|14|0.2|0.22|0.23||||21.2|25|28|5.7|9.2|12.7|42|44|46|0|1.5|2.9|15|24.5|34|0|4.5|9|0|2|10|".49"|".49"|0|0|0|0|0|0|0|0|0|0|0|0||||5|10|15|3|6|9|4.5|5.3|6||||||||||0.3|5.4|11|||||||||||||||||||||"21856361"|"64452205"
"Btgx"||"B"||||74|||137|||63||0|0|0|0|0|0|100|100|100|100|100|100|95|97.5|100|90|95|100||7.3|||0.4|||0.6|||1|||2.3|||3|||64.7||||||||18|28|32|0|||0|0.25|0.5||||1.45|1.53|1.6||||1.52|1.6|1.67|2.67|0.42|1|1.4|0.14|0.16|0.17||||26.7|31.4|33.1|11|17.5|20.3|37|40|43|0|1.5|2.9|30|36|42|9|12.5|16|7|12|18|".49"|".49"|0|0|0|0|0|0|0|0|0|0|0|0||||10|15|20|4|12|23|4.5|5|5.5||||||||||3.6|8.1|11.5|||||||||||||||||||||"21856361"|"64452206"
"C"||"C"||||137|||183|||46||0|0|0|0|0|0|100|100|100|100|100|100|95|97.5|100|90|95|100||14.2|||0.1|||0.4|||1|||4.1|||8.6|||71.8||||||||8|14|20|0|||0|0.25|0.5||||1.35|1.45|1.55||||1.42|1.52|1.58|2.66|1.4|2.7|4|0.2|0.22|0.23||||19.7|24.3|27.7|4.6|8.5|12.3|39|43|46|0|1.5|2.9|25|28.5|32|3|6.5|10|1|5|10|".64"|".64"|0|0|0|0|0|0|0|0|0|0|0|0|10|15|20||||4|10|18|5.1|6.5|7.8||||||||||0|3.7|9|||||||||||||||||||||"21856361"|"64452207"
"Eg"||"E"||||18|||74|||56||0|0|0|0|0|0|100|100|100|100|100|100|95|97.5|100|90|95|100||14|||0.1|||0.4|||1|||4|||8.5|||71||||||||12|15|18|0|||0|0.5|1||||1.4|1.45|1.5||||1.47|1.52|1.58|2.66|4|9|14|0.2|0.22|0.23||||22.7|25.2|27.3|7|9.4|11.8|41|43|44|0|1.5|2.9|22|31|40|3|9|15|0|8|17|".55"|".55"|0|0|0|0|0|0|0|0|0|0|0|0||||5|10|15|2|4|8|4.5|5|5.5||||||||||2.5|6|9.6|||||||||||||||||||||"21856361"|"64452208"
"Btx"||"B"||||102|||183|||81||0|0|0|0|0|0|100|100|100|100|100|100|100|100|100|90|95|100|0.5|7|||0|||0|||0.2|||1.9|||4.9|||69||||||||16|24|32|0|||0|0.25|0.5||||1.45|1.5|1.55||||1.52|1.57|1.63|2.67|0.42|1|1.4|0.09|0.11|0.12||||25.4|29.6|32.8|9.6|14.7|19.9|39|41|43|0|1.5|2.9|25|30|35|5|10|15|3|9|15|".55"|".55"|0|0|0|0|0|0|0|0|0|0|0|0|8|13|18||||6|12|18|5.1|6.5|7.8||||||||||0|3.3|8.6|||||||||||||||||||||"21856363"|"64452209"
"B/Et"||"B/E"||||71|||102|||31||0|0|0|0|0|0|100|100|100|100|100|100|100|100|100|90|92.5|95|0.5|7.6|||0.4|||0.6|||1|||2.4|||3.2|||64.4||||||||10|28|32|0|||0|0.5|1||||1.35|1.45|1.55||||1.42|1.52|1.58|2.67|0.42|1|1.4|0.09|0.11|0.12||||21.3|31|32.8|5.8|16.9|19.8|39|43|46|0|1.5|2.9|30|35|40|12|16|20|9|14|20|".49"|".49"|0|0|0|0|0|0|0|0|0|0|0|0||||4|6|10|2|6|12|4.5|5.3|6||||||||||0|7.1|12.2|||||||||||||||||||||"21856363"|"64452210"
"A"||"A"||||0|||71|||71||0|0|0|0|0|0|100|100|100|100|100|100|100|100|100|90|95|100|1|11.7|||0.2|||0.4|||0.9|||3.5|||6.7|||69.8||||||||10|18.5|27|0|||0.5|1.25|2||||1.4|1.48|1.55||||1.47|1.55|1.61|2.65|4|9|14|0.2|0.22|0.23||||22.3|28|32.1|6.6|12.7|18.6|39|41|44|0|1.5|2.9|25|30|35|5|10|15|3|9|15|".43"|".43"|0|0|0|0|0|0|0|0|0|0|0|0||||2|5|8|4|8|13|4.5|5.3|6||||||||||0.5|6.3|12.7|||||||||||||||||||||"21856363"|"64452211"
"E"||"E"||||18|||36|||18||0|0|0|0|0|0|100|100|100|100|100|100|100|100|100|75|87.5|100|7|14.3|20|0.1|0.6|0.7|0.2|0.9|1|0.5|1.1|1.2|2.1|3|5.5|4.1|8.7|12.8|61.2|73.2|80|||||||8|12.5|19|0|0|0|0.5|1|1.5||||1.3|1.48|1.65||||1.37|1.55|1.72|2.65|4|9|14|0.15|0.18|0.2||||22.3|27.8|31.7|6.6|12.3|18|35|41|48|0.6|1.5|2.9|15|21|27|0|3.5|7|0|0|6|".55"|".55"|0|0|0|0|0|0|0|0|0|0|0.1|2|4|9.5|15||||1.2|7.2|15|4.5|5.9|7.3||||||||||0|4.9|10.4|||||||||||||||||||||"21856314"|"64452136"
"Ap"||"A"||||0|||18|||18||0|0|0|0|0|0|100|100|100|100|100|100|100|100|100|75|87.5|100|7|14.3|20|0.1|0.6|0.7|0.2|0.9|1|0.5|1.1|1.2|2.1|3|5.5|4.1|8.7|12.8|61.2|73.2|80|||||||8|12.5|19|0|0|0|0.5|1.25|2||||1.3|1.48|1.65||||1.37|1.55|1.72|2.65|4|9|14|0.15|0.18|0.2||||22.3|28|32.1|6.6|12.7|18.6|35|41|48|0.6|1.5|2.9|15|21|27|0|3.5|7|0|0|6|".43"|".43"|0|0|0|0|0|0|0|0|0|0|0.1|2|4|9.5|15||||1.3|7.8|15|4.5|5.9|7.3||||||||||0|5|10.7|||||||||||||||||||||"21856314"|"64452137"
"Bt"||"B"||||36|||92|||56||0|0|0|0|0|0|100|100|100|100|100|100|100|100|100|85|92.5|100|5|7|18|0|0.3|0.9|0|0.4|1.5|0.1|0.5|2.4|0|1.5|5.7|3.5|4.3|7.5|49|64|77|||||||18|29|35|0|0|0|0.5|0.75|1||||1.3|1.5|1.7||||1.51|1.71|1.78|2.67|1.4|2.7|4|0.15|0.18|0.2||||24.9|31.6|34.2|9.1|17.8|22.3|33|41|48|0.6|2.8|4.9|31|38|45|11|16.5|22|8|15|24|".49"|".49"|0|0|0|0|0|0|0|0|0|0|0.1|2|4|14.5|25|5.3|9.4|12.3|1.1|11.4|22.7|4.5|5.5|6.5||||||||||1.7|6.9|12.1|||||||||||||||||||||"21856314"|"64452138"
"BC"||"BC"||||92|||133|||41||0|0|0|0|0|0|100|100|100|100|100|100|90|95|100|60|80|100|7|14.3|20|0.1|0.6|0.7|0.2|0.9|1|0.5|1.1|1.2|2.1|3|5.5|4.1|8.7|12.8|61.2|73.2|80|||||||8|12.5|19|0|0|0|0|0.25|0.5||||1.3|1.5|1.7||||1.37|1.57|1.77|2.67|4|9|14|0.15|0.18|0.2||||21.5|28.9|33.9|6|13.8|21.6|34|41|48|0.6|2.4|4.9|22|31|40|3|10.5|18|0|7|19|".49"|".49"|0|0|0|0|0|0|0|0|0|0|0.1|2|4|14.5|25||||2.1|13.3|26.5|5.1|6.5|7.8||||||||||0|3.6|10.1|||||||||||||||||||||"21856314"|"64452139"
"C"||"C"||||133|||203|||70||0|0|0|0|0|0|100|100|100|100|100|100|90|95|100|60|80|100|7|14.3|20|0.1|0.6|0.7|0.2|0.9|1|0.5|1.1|1.2|2.1|3|5.5|4.1|8.7|12.8|61.2|73.2|80|||||||8|12.5|19|0|0|0|0|0.25|0.5||||1.3|1.5|1.7||||1.37|1.57|1.77|2.67|4|9|14|0.15|0.18|0.2||||21.5|28.9|33.9|6|13.8|21.6|34|41|48|0.6|2.4|4.9|22|31|40|3|10.5|18|0|7|19|".49"|".49"|0|0|0|0|0|0|0|0|0|0|0.1|2|4|14.5|25||||3|13|25|5.1|6.5|7.8||||||||||0|3.6|10.1|||||||||||||||||||||"21856314"|"64452140"
"Ap"||"A"||||0|||18|||18||0|0|0|0|0|0|100|100|100|100|100|100|95|97.5|100|90|95|100||14.2|||0.1|||0.4|||1|||4.1|||8.6|||72.3||||||||9|13.5|18|0|||0.5|1.25|2||||1.35|1.4|1.45||||1.41|1.46|1.53|2.64|4|9|14|0.2|0.22|0.23||||21.2|25|28|5.7|9.2|12.7|42|44|46|0|1.5|2.9|15|24.5|34|0|4.5|9|0|2|10|".49"|".49"|0|0|0|0|0|0|0|0|0|0|0|0||||5|10|15|3|6|9|4.5|5.3|6||||||||||0.3|5.4|11|||||||||||||||||||||"21856299"|"64452115"
"Eg"||"E"||||18|||74|||56||0|0|0|0|0|0|100|100|100|100|100|100|95|97.5|100|90|95|100||14|||0.1|||0.4|||1|||4|||8.5|||71||||||||12|15|18|0|||0|0.5|1||||1.4|1.45|1.5||||1.47|1.52|1.58|2.66|4|9|14|0.2|0.22|0.23||||22.7|25.2|27.3|7|9.4|11.8|41|43|44|0|1.5|2.9|22|31|40|3|9|15|0|8|17|".55"|".55"|0|0|0|0|0|0|0|0|0|0|0|0||||5|10|15|2|4|8|4.5|5|5.5||||||||||2.5|6|9.6|||||||||||||||||||||"21856299"|"64452116"
"Btgx"||"B"||||74|||137|||63||0|0|0|0|0|0|100|100|100|100|100|100|95|97.5|100|90|95|100||7.3|||0.4|||0.6|||1|||2.3|||3|||64.7||||||||18|28|32|0|||0|0.25|0.5||||1.45|1.53|1.6||||1.52|1.6|1.67|2.67|0.42|1|1.4|0.14|0.16|0.17||||26.7|31.4|33.1|11|17.5|20.3|37|40|43|0|1.5|2.9|30|36|42|9|12.5|16|7|12|18|".49"|".49"|0|0|0|0|0|0|0|0|0|0|0|0||||10|15|20|4|12|23|4.5|5|5.5||||||||||3.6|8.1|11.5|||||||||||||||||||||"21856299"|"64452117"
"C"||"C"||||137|||183|||46||0|0|0|0|0|0|100|100|100|100|100|100|95|97.5|100|90|95|100||14.2|||0.1|||0.4|||1|||4.1|||8.6|||71.8||||||||8|14|20|0|||0|0.25|0.5||||1.35|1.45|1.55||||1.42|1.52|1.58|2.66|1.4|2.7|4|0.2|0.22|0.23||||19.7|24.3|27.7|4.6|8.5|12.3|39|43|46|0|1.5|2.9|25|28.5|32|3|6.5|10|1|5|10|".64"|".64"|0|0|0|0|0|0|0|0|0|0|0|0|10|15|20||||4|10|15|5.1|6.5|7.8||||||||||0|3.7|9|||||||||||||||||||||"21856299"|"64452118"
"Ap"||"A"||||0|||13|||13||0|0|0|0|0|0|100|100|100|100|100|100|85|92.5|100|60|75|90|1|13.6|20|0|0.1|0.5|0|0.4|0.5|0|1|5|1|3.9|7|2|8.2|10|51.9|68.9|85.9|||||||10|17.5|25|0|||0.5|1.25|2||||1.3|1.4|1.5||||1.36|1.46|1.53|2.65|4|9|14|0.18|0.21|0.24||||21.9|27|30.8|6.3|11.4|16.5|40|44|48|0|1.5|2.9|15|25|35|4|9.5|15|0|4|13|".55"|".55"|0|0|0|0|0|0|0|0|5|0|0|0|5|12.5|20||||4|11|18|5.1|5.8|6.5||||||||||1.9|5.9|10|||||||||||||||||||||"21856328"|"64452154"
"Btn"||"B"||||13|||127|||114||0|0|0|0|0|0|100|100|100|100|100|100|90|95|100|70|82.5|95|0.5|7.3|15|0|0.4|0.5|0|0.6|1|0|1|5|1|2.3|7|2|3|10|48.9|64.7|80.4|||||||18|28|35|0|||0|0.5|1||||1.4|1.48|1.55||||1.61|1.69|1.76|2.67|0.01|0.21|0.42|0.18|0.21|0.24||||26.4|31.2|34|10.7|17.2|22|39|42|44|3|4.5|5.9|25|33.5|42|9|15.5|22|3|11|22|".55"|".55"|0|0|0|0|0|0|13|19|25|0|0|0|10|20|30||||10|20|30|7.4|8.2|9||||||||||0|0|4.7|||||||||||||||||||||"21856328"|"64452155"
"A"||"A"||||0|||33|||33||0|0|0|0|0|0|100|100|100|95|97.5|100|85|92.5|100|50|70|90||27.1|||2.2|||3.1|||4.4|||8.5|||8.9|||54.4||||||||12|18.5|25||||1|2|3||||1.3|1.4|1.5||||1.36|1.46|1.53|2.64|0.42|1|1.4|0.2|0.21|0.22||||23.2|27.9|31.6|7.8|12.8|17.8|39|43|47|0|1.5|2.9|30|35|40|5|10|15|0|6|14|".49"|".49"|0|0|0|0|0|0|0|0|0|0|0|0||||2|5|8|0|2.5|5|4.5|5.3|6||||||||||3.1|8.8|14.6|||||||||||||||||||||"21856302"|"64452119"
"Btg"||"B"||||33|||183|||150||0|0|0|0|0|0|100|100|100|95|97.5|100|90|95|100|75|85|95||23.3|||3.2|||3.7|||4.3|||6.5|||5.6|||29.2||||||||35|47.5|60||||0|0.5|1||||1.5|1.55|1.6||||1.88|1.93|2.01|2.69|0.01|0.21|0.42|0.18|0.2|0.21||||28.2|34.7|37.2|18.8|26.5|34.4|36|38|41|6|7.5|8.9|42|53.5|65|20|29|38|14|26|41|".28"|".28"|0|0|0|0|0|0|0|0|0|0|0|0||||10|17.4|35|0|2.5|5|4.5|5|5.5||||||||||12|21.4|39.9|||||||||||||||||||||"21856302"|"64452120"
"Bw"||"B"||||18|||58|||40||0|0|0|0|0|0|100|100|100|100|100|100|85|90|95|55|70|85|1|13.8|60||0.1|||0.4|||1|||4|||8.3|||69.7||||||||8|16.5|25|0|||0.5|0.75|1||||1.35|1.48|1.6||||1.42|1.55|1.61|2.65|4|9|14|0.15|0.19|0.22||||20.8|26.5|30.5|5.5|10.8|16.1|37|41|46|0|1.5|2.9|15|22.5|30|2|6|10|0|1|7|".55"|".55"|0|0|0|0|0|0|0|0|0|0|0|0||||5|10|15|1.4|7.3|8.4|4.5|5.3|6||||||||||6.5|11.2|16.1|||||||||||||||||||||"21856331"|"64452156"
"C"||"C"||||58|||183|||125||0|0|0|0|0|0|100|100|100|100|100|100|85|90|95|55|72.5|90|5|31.6|35||0|||0.2|||0.9|||7.1|||23.4|||41.9||||||||18|26.5|35|0|||0|0.5|1||||1.35|1.48|1.6||||1.42|1.55|1.61|2.67|1.4|2.7|4|0.15|0.19|0.22||||26.4|30.7|34|10.7|16.3|22|37|42|46|0|1.5|2.9|25|32.5|40|5|10|15|0|6|14|".49"|".49"|0|0|0|0|0|0|0|0|0|0|0|0||||10|15|20|1.8|3.7|7.8|4.5|5|5.5||||||||||9.6|14.3|19|||||||||||||||||||||"21856331"|"64452157"
"A"||"A"||||0|||18|||18||0|0|0|0|0|0|100|100|100|100|100|100|85|90|95|55|70|85|1|13.8|20||0.1|||0.4|||1|||4|||8.3|||69.7||||||||8|16.5|25|0|||0.5|1.25|2||||1.35|1.48|1.6||||1.42|1.55|1.61|2.65|4|9|14|0.15|0.19|0.22||||20.8|27.1|31.4|5.5|11.5|17.5|37|41|46|0|1.5|2.9|15|22.5|30|2|6|10|0|1|7|".49"|".49"|0|0|0|0|0|0|0|0|0|0|0|0||||5|10|15|2.3|5.6|8.3|4.5|5.3|6||||||||||6.5|12.1|17.9|||||||||||||||||||||"21856331"|"64452158"
"Ap"||"A"|||0|0|0|10|15|25|10|15|25|0|0|0|0|0|0|100|100|100|100|100|100|91|100|100|85|99|100|0.5|1.8|3|0|0|0|0|0|0.1|0|0.1|1|0|0.5|2|0.5|1.2|2|17|38.2|59.5|||||||40|60|80|0|0|0|0.5|2.25|4||||1.2|1.38|1.55||||1.53|1.71|1.78|2.65|0|0.21|0.42|0.12|0.15|0.18||||33.8|41.1|44|22.1|34.6|39.6|38|44|51|6|7.5|8.9|45|60|75|29|44|58|24|47|65|".24"|".24"|0|0|0|0|0|0|0|0|0|0|0|0|20|35|50|20|34.6|51.3|7|21|41|4.5|5.3|6||||||||||4.8|12.5|20.5|||||||||||||||||||"Moderate"|"Moist"|"21856348"|"64452184"
"Bkss"||"B"|||70|76|137|190|203|203|120|127|130|0|0|0|0|0|0|100|100|100|100|100|100|93|100|100|88|99|100|0.5|1.8|3|0|0|0|0|0|0.1|0|0.1|1|0|0.5|2|0.5|1.2|2|12|28.2|44.5|||||||55|70|85|0|1.8|3|0|0.25|0.5||||1.17|1.26|1.35||||1.75|1.85|1.96|2.65|0|0.21|0.42|0.12|0.15|0.18||||39.4|43.6|47.4|26.3|35.2|44.5|43|48|53|9|17|25|45|65|80|40|53|65|23|46|72|".20"|".20"|0|0|0|0|0|0|0|0|0|0|0|0|34.6|46.5|56.3||||16|33|50|6.1|7.3|8.4||||||||||0|3.9|8.9|||||||||||||||||||"Moderate"|"Moist"|"21856348"|"64452185"
"Bssg"||"B"|||10|15|25|70|76|137|60|61|66|0|0|0|0|0|0|100|100|100|100|100|100|93|100|100|88|99|100|0.5|1.8|3|0|0|0|0|0|0.1|0|0.1|1|0|0.5|2|0.5|1.2|2|12|28.2|44.5|||||||55|70|85|0|0|2|0.5|0.75|1||||1.17|1.29|1.4||||1.78|1.88|1.95|2.65|0|0.21|0.42|0.12|0.15|0.18||||42.1|44.6|46.7|29.3|37.4|45.4|44|48|53|9|17|25|65|83|101|40|52|65|40|61|79|".20"|".20"|0|0|0|0|0|0|0|0|0|0|0|0|38.7|48.3|57.6||||11|29|48|5.1|6.2|7.3||||||||||3.6|8.2|12.8|||||||||||||||||||"Moderate"|"Moist"|"21856348"|"64452186"
"Btx"||"B"||||73|||183|||110||0|0|0|0|0|0|100|100|100|100|100|100|90|95|100|75|85|95||7.2|||0|||0|||0.2|||2|||5|||70.3||||||||10|22.5|35||||0|0.25|0.5||||1.65|1.73|1.8||||1.73|1.81|1.88|2.67|1.4|2.7|4|0.05|0.08|0.1||||22.6|30.4|35.6|6.9|16|25|30|33|36|0.6|1.3|2|30|35|40|11|13.5|16|6|11|16|".55"|".55"|0|0|0|0|0|0|0|0|0|0|0.9|1||||5|10|15|2.5|5|18|4.5|5.3|5.5||||||||||4.8|11.2|17.9|||||||||||||||||||||"21856275"|"64452083"
"Bx"||"B"||||183|||203|||20||0|0|0|0|0|0|100|100|100|100|100|100|90|95|100|75|85|95||7.2|||0|||0|||0.2|||2|||5|||70.3||||||||10|22.5|35||||0|0.5|1||||1.65|1.73|1.8||||1.73|1.81|1.88|2.66|1.4|2.7|4|0.05|0.08|0.1||||22.6|30.7|33.7|6.9|16.4|25.7|30|33|35|0.6|1.3|2|30|35|40|11|13.5|16|6|11|16|".55"|".55"|0|0|0|0|0|0|0|0|0|0|0.9|1||||5|10|15|0|2.5|5|4.5|5.3|5.5||||||||||4.8|11.6|18.6|||||||||||||||||||||"21856275"|"64452084"
"A"||"A"||||0|||10|||10||0|0|0|0|0|0|100|100|100|100|100|100|85|92.5|100|55|72.5|90||21.2|||0.1|||0.4|||1.2|||5.9|||13.6|||68.8||||||||5|10|15||||0.5|1.25|2||||1.35|1.4|1.45||||1.41|1.46|1.53|2.64|4|9|14|0.16|0.19|0.22||||17.8|23|26.7|3.5|7.3|11|42|44|46|0.7|1.3|1.9|15|20|25|0|4|8|0|0|5|".55"|".55"|0|0|0|0|0|0|0|0|0|0|0.9|1||||5|10|15|2.5|5|8|4.5|5.3|5.5||||||||||4.9|11.3|17.8|||||||||||||||||||||"21856275"|"64452079"
"E"||"E"||||10|||20|||10||0|0|0|0|0|0|100|100|100|100|100|100|85|92.5|100|55|72.5|90||21.2|||0.1|||0.4|||1.2|||5.9|||13.6|||68.8||||||||5|10|15||||0.25|0.5|1.25||||1.35|1.4|1.45||||1.41|1.46|1.53|2.65|4|9|14|0.16|0.19|0.22||||17.1|21.9|25.8|3.1|6.3|10|43|44|46|0.7|1.3|1.9|15|20|25|0|4|8|0|0|5|".55"|".55"|0|0|0|0|0|0|0|0|0|0|0.9|1||||5|10|15|2.5|5|10|4.5|5.3|5.5||||||||||4.6|10.2|16.7|||||||||||||||||||||"21856275"|"64452080"
"Bw"||"B"||||20|||56|||36||0|0|0|0|0|0|100|100|100|100|100|100|90|95|100|75|82.5|90||14.2|||0.1|||0.4|||1|||4.1|||8.6|||71.8||||||||10|14|18||||0.5|0.75|1||||1.45|1.5|1.55||||1.52|1.57|1.63|2.65|4|9|14|0.16|0.19|0.22||||22.4|25.3|27.6|6.7|9.5|12.2|39|41|42|0.9|1.5|2|15|20|25|0|4|8|0|0|5|".55"|".55"|0|0|0|0|0|0|0|0|0|0|0.9|1||||5|10|15|2.5|5|10|4.5|5.3|5.5||||||||||5.5|11|16.7|||||||||||||||||||||"21856275"|"64452081"
"E'"||"E"|"'"|||56|||73|||17||0|0|0|0|0|0|100|100|100|100|100|100|90|95|100|75|82.5|90||14.2|||0.1|||0.4|||1|||4.1|||8.6|||71.8||||||||10|14|18||||0.3|0.75|1||||1.45|1.5|1.55||||1.52|1.57|1.63|2.65|4|9|14|0.16|0.19|0.22||||22.4|25.3|27.6|6.7|9.5|12.2|39|41|42|0.9|1.5|2|15|20|25|0|4|8|0|0|5|".55"|".55"|0|0|0|0|0|0|0|0|0|0|0.9|1||||5|10|15|2.5|5|18|4.5|5.3|5.5||||||||||5.2|11|16.7|||||||||||||||||||||"21856275"|"64452082"
"C"||"C"|||120|127|180|203|203|203|76|76|100|0|0|0|0|0|0|100|100|100|100|100|100|87|99|100|74|94|100|0.5|8|10|0|0.2|0.5|0|0.5|1|0|0.9|2|1|2.5|5|1|3.9|8|20|52|84.3|||||||15|40|70|0|0|2|0.1|0.3|0.5||||1.15|1.35|1.55||||1.48|1.68|1.74|2.65|0.42|7|14|0.12|0.17|0.22||||20.4|30.5|38.2|8.1|21.7|37.8|39|46|54|6|7.5|8.9|26|46|66|8|23.5|39|3|24|46|".32"|".32"|0|0|0|0|0|0|0|0|0|0|0|0|11.7|29.6|49.9||||15|25|35|6.1|7.5|8.4||||||||||0|8.5|25.7|||||||||||||||||||"Moderate"|"Moist"|"21856351"|"64452187"
"Ap"||"A"|||0|0|0|8|10|20|10|10|20|0|0|0|0|0|0|100|100|100|100|100|100|87|94|98|71|79|86|15|26.3|30|0|2.1|2.5|0|3|4|0|4.3|5|3|8.3|10|2|8.6|10|43|52.7|66.2|||||||15|21|27|0|0|0|1|2.5|4||||1.25|1.4|1.55||||1.31|1.46|1.61|2.65|1.4|8|14|0.16|0.2|0.24||||25.5|29.7|33|9.7|15|20.1|38|43|49|0|1.5|2.9|25|34|43|7|14.5|22|2|11|22|".43"|".43"|0|0|0|0|0|0|0|0|0|0|0|0|12.8|18|23||||15|25|35|5.1|5.6|6||||||||||8|13.2|18.8|||||||||||||||||||"Low"|"Moist"|"21856351"|"64452188"
"Bw1"||"B"||1|8|10|20|70|76|110|50|66|90|0|0|0|0|0|0|100|100|100|100|100|100|92|98|100|84|93|100|0.5|8.2|10|0|0.8|1|0|1|1.5|0|1.4|2|1|2.5|5|1|2.5|5|5|19.3|36.5|||||||60|72.5|85|0|0|0|0.5|0.75|1||||1.15|1.3|1.45||||1.46|1.61|1.68|2.65|0.01|0.21|0.42|0.12|0.15|0.18||||39.9|44.8|46.5|32|38.8|45.5|42|48|53|6|7.5|8.9|66|77.5|89|39|48|57|35|52|68|".17"|".17"|0|0|0|0|0|0|0|0|0|0|0|0|43.5|52.4|61.1||||15|25|35|4.5|5.5|6.5||||||||||20.5|30|39.5|||||||||||||||||||"Moderate"|"Moist"|"21856351"|"64452189"
"Bw2"||"B"||2|70|76|110|120|127|180|50|51|70|0|0|0|0|0|0|100|100|100|100|100|100|91|98|100|82|93|100|0.5|8.9|10|0|0.8|1|0|1.1|1.5|0|1.5|3|1|2.7|5|1|2.8|8|5|21.1|40.9|||||||55|70|85|0|0|2|0.5|0.75|1||||1.15|1.3|1.45||||1.46|1.61|1.68|2.65|0.01|0.21|0.42|0.12|0.15|0.18||||41.9|44.4|46.5|29.4|37.5|45.5|42|48|53|6|7.5|8.9|62|77.5|89|36|46.5|57|31|50|68|".17"|".17"|0|0|0|0|0|0|0|0|0|0|0|0|40.2|50.7|61.1||||15|25|35|6.1|7.3|8.4||||||||||9.4|20.2|31.4|||||||||||||||||||"Moderate"|"Moist"|"21856351"|"64452190"
"Ap"||"A"|||0|0|0|8|10|20|8|10|20|0|0|0|0|0|0|100|100|100|100|100|100|84|92|100|69|81|95|4|22.1|30|0|3|4|0|3.5|5|0|4.1|5|2|6.2|8|1|5.3|8|6|27.9|52.9|||||||40|50|64|0|0|0|1|2|4||||1.15|1.33|1.5||||1.47|1.65|1.72|2.65|0.01|0.21|0.42|0.12|0.15|0.18||||32.1|40.4|42.8|22.3|28.6|37.9|40|46|53|6|7.5|8.9|48|57|66|25|32|39|16|27|43|".24"|".24"|0|0|0|0|0|0|0|0|0|0|0|0|35|47.5|60|35|40|60|15|25|35|4.5|5.5|6.5||||||||||16.5|28.1|40.1|||||||||||||||||||"Low"|"Moist"|"21856372"|"64452224"
"Bw1"||"B"||1|8|10|20|70|76|110|50|66|90|0|0|0|0|0|0|100|100|100|100|100|100|92|98|100|84|93|100|0.5|8.2|10|0|0.8|1|0|1|1.5|0|1.4|2|1|2.5|5|1|2.5|5|5|19.3|36.5|||||||60|72.5|85|0|0|0|0.5|0.75|1||||1.15|1.3|1.45||||1.46|1.61|1.68|2.65|0.01|0.21|0.42|0.12|0.15|0.18||||39.9|44.8|46.5|32|38.8|45.5|42|48|53|6|7.5|8.9|66|77.5|89|39|48|57|35|52|68|".17"|".17"|0|0|0|0|0|0|0|0|0|0|0|0|35|47.5|60|35|40|60|15|25|35|4.5|5.5|6.5||||||||||16.3|27.6|38.9|||||||||||||||||||"Moderate"|"Moist"|"21856372"|"64452225"
"Bw2"||"B"||2|70|76|110|120|127|180|50|51|70|0|0|0|0|0|0|100|100|100|100|100|100|91|98|100|82|93|100|0.5|8.9|10|0|0.8|1|0|1.1|1.5|0|1.5|3|1|2.7|5|1|2.8|8|5|21.1|40.9|||||||55|70|85|0|0|2|0.5|0.75|1||||1.15|1.3|1.45||||1.46|1.61|1.68|2.65|0.01|0.21|0.42|0.12|0.15|0.18||||41.9|44.4|46.5|29.4|37.5|45.5|42|48|53|6|7.5|8.9|62|77.5|89|36|46.5|57|31|50|68|".17"|".17"|0|0|0|0|0|0|0|0|0|0|0|0|30|40|50||||15|25|35|6.1|7.3|8.4||||||||||4.3|14.9|25.9|||||||||||||||||||"Moderate"|"Moist"|"21856372"|"64452226"
"C"||"C"|||120|127|180|203|203|203|76|76|100|0|0|0|0|0|0|100|100|100|100|100|100|87|99|100|74|94|100|0.5|8|10|0|0.2|0.5|0|0.5|1|0|0.9|2|1|2.5|5|1|3.9|8|20|52|84.3|||||||15|40|70|0|0|2|0.1|0.3|0.5||||1.15|1.35|1.55||||1.48|1.68|1.74|2.65|0.42|7|14|0.12|0.17|0.22||||20.4|30.5|38.2|8.1|21.7|37.8|39|46|54|6|7.5|8.9|26|46|66|8|23.5|39|3|24|46|".32"|".32"|0|0|0|0|0|0|0|0|0|0|0|0|10|25|40||||15|25|35|6.1|7.5|8.4||||||||||0|6.2|20.8|||||||||||||||||||"Moderate"|"Moist"|"21856372"|"64452227"
"Ap"||"A"||||0|||18|||18||0|0|0|0|0|0|100|100|100|100|100|100|100|100|100|90|95|100|1|13.6|35||0.1|||0.4|||1|||3.9|||8.2|||68.9||||||||8|17.5|27||||0.5|1.25|2||||1.3|1.5|1.7||||1.37|1.57|1.77|2.65|4|9|14|0.21|0.22|0.23||||20.9|27.7|32.3|5.5|12.2|18.9|33|40|48|0|1.5|2.9|15|23|31|0|5|10|0|2|10|".49"|".49"|0|0|0|0|0|0|0|0|0|0|0.5|0.9|4|9.5|15||3||1.8|7|12.7|5.1|5.6|6||||||||||3.1|5.9|9|||||||||||||||||||||"21856280"|"64452091"
"Bt"||"B"||||18|||84|||66||0|0|0|0|0|0|100|100|100|100|100|100|100|100|100|90|95|100|0.5|9|25||0.1|||0.3|||0.7|||2.7|||5.2|||64.5||||||||18|26.5|35||||0.5|0.75|1||||1.3|1.5|1.7||||1.51|1.71|1.78|2.66|4|9|14|0.2|0.21|0.22||||27.1|31|34.2|11.5|16.9|22.3|33|41|48|3|4.5|5.9|28|34|40|8|12.5|17|6|12|18|".49"|".49"|0|0|0|0|0|0|0|0|0|0|0.5|0.9|5|15|25||3||2.1|11.9|24.4|5.1|5.6|6||||||||||3.3|6.7|10.4|||||||||||||||||||||"21856280"|"64452092"
"BC"||"BC"||||84|||137|||53||0|0|0|0|0|0|100|100|100|100|100|100|100|100|100|90|95|100|0.5|9|25||0.1|||0.3|||0.7|||2.7|||5.2|||64.5||||||||18|26.5|35||||0.5|0.75|1||||1.3|1.5|1.7||||1.51|1.71|1.78|2.66|4|9|14|0.2|0.21|0.22||||27.1|31|34.2|11.5|16.9|22.3|33|41|48|3|4.5|5.9|28|34|40|8|12.5|17|6|12|18|".49"|".49"|0|0|0|0|0|0|0|0|0|0|0.5|0.9|5|15|25||7||2.1|11.9|24.4|5.1|5.6|6||||||||||3.3|6.7|10.4|||||||||||||||||||||"21856280"|"64452093"
"C"||"C"||||137|||203|||66||0|0|0|0|0|0|100|100|100|100|100|100|100|100|100|75|87.5|100|1|13.6|35||0.1|||0.4|||1|||3.9|||8.2|||68.9||||||||8|17.5|27||||0|0.25|0.5||||1.3|1.5|1.7||||1.37|1.57|1.77|2.67|4|9|14|0.18|0.2|0.22||||19.9|26.5|31|4.8|10.8|16.9|34|41|48|0|1.5|2.9|23|34|45|4|12.5|21|1|10|23|".55"|".55"|0|3|5|0|0|0|0|0|0|0|0.5|0.9|5|15|25||10||2.4|43.1|58.3|4.5|5.8|8.4||||||||||0.1|5.8|11.8|||||||||||||||||||||"21856280"|"64452094"
"Ap"||"A"||||0|||18|||18||0|0|0|0|0|0|100|100|100|100|100|100|100|100|100|90|95|100|1|13.6|35||0.1|||0.4|||1|||3.9|||8.2|||68.9||||||||8|17.5|27||||0.5|1.25|2||||1.3|1.5|1.7||||1.37|1.57|1.77|2.65|4|9|14|0.21|0.22|0.23||||20.9|27.7|32.3|5.5|12.2|18.9|33|40|48|0|1.5|2.9|15|23|31|0|5|10|0|2|10|".49"|".49"|0|0|0|0|0|0|0|0|0|0|0.5|0.9|4|9.5|15||||1.8|7|12.7|5.1|5.6|6||||||||||3.1|5.9|9|||||||||||||||||||||"21856283"|"64452095"
"Bt"||"B"||||18|||84|||66||0|0|0|0|0|0|100|100|100|100|100|100|100|100|100|90|95|100|0.5|9|25||0.1|||0.3|||0.7|||2.7|||5.2|||64.5||||||||18|26.5|35||||0.5|0.75|1||||1.3|1.5|1.7||||1.51|1.71|1.78|2.66|4|9|14|0.2|0.21|0.22||||27.1|31|34.2|11.5|16.9|22.3|33|41|48|3|4.5|5.9|28|34|40|8|12.5|17|6|12|18|".49"|".49"|0|0|0|0|0|0|0|0|0|0|0.5|0.9|5|15|25||||2.1|11.9|24.4|5.1|5.6|6||||||||||3.3|6.7|10.4|||||||||||||||||||||"21856283"|"64452096"
"BC"||"BC"||||84|||137|||53||0|0|0|0|0|0|100|100|100|100|100|100|100|100|100|90|95|100|0.5|9|25||0.1|||0.3|||0.7|||2.7|||5.2|||64.5||||||||18|26.5|35||||0.5|0.75|1||||1.3|1.5|1.7||||1.51|1.71|1.78|2.66|4|9|14|0.2|0.21|0.22||||27.1|31|34.2|11.5|16.9|22.3|33|41|48|3|4.5|5.9|28|34|40|8|12.5|17|6|12|18|".49"|".49"|0|0|0|0|0|0|0|0|0|0|0.5|0.9|5|15|25||||2.1|11.9|24.4|5.1|5.6|6||||||||||3.3|6.7|10.4|||||||||||||||||||||"21856283"|"64452097"
"C"||"C"||||137|||203|||66||0|0|0|0|0|0|100|100|100|100|100|100|100|100|100|75|87.5|100|1|13.6|35||0.1|||0.4|||1|||3.9|||8.2|||68.9||||||||8|17.5|27||||0|0.25|0.5||||1.3|1.5|1.7||||1.37|1.57|1.77|2.67|4|9|14|0.18|0.2|0.22||||19.9|26.5|31|4.8|10.8|16.9|34|41|48|0|1.5|2.9|23|34|45|4|12.5|21|1|10|23|".55"|".55"|0|3|5|0|0|0|0|0|0|0|0.5|0.9|5|15|25||||2.4|43.1|58.3|4.5|5.8|8.4||||||||||0.1|5.8|11.8|||||||||||||||||||||"21856283"|"64452098"
"A"||"A"||||0|||15|||15||0|0|0|0|0|0|75|87.5|100|75|87.5|100|65|80|95|40|57.5|75||43|||4.2|||5.8|||7.6|||13.3|||12.1|||39.5||||||||10|17.5|25||||0.5|1.75|3||||1.3|1.4|1.5||||1.37|1.47|1.54|2.64|4|9|14|0.13|0.15|0.17||||18.6|25.6|31.6|5.3|11.2|17.8|34|41|47|0|1.5|2.9|15|22.5|30|4|7|10|0|1|6|".37"|".37"|0|0|0|0|0|0|0|0|0|0|0|0||||5|10|15|0|2.5|5|4.5|5.3|6||||||||||4.8|12.8|20.9|||||||||||||||||||||"21856335"|"64452159"
"BC"||"BC"||||140|||183|||43||0|0|0|0|0|0|85|92.5|100|85|92.5|100|65|82.5|100|30|62.5|95||34.7|||3.1|||4.4|||6|||10.9|||10.3|||37.8||||||||15|27.5|40||||0|0.25|0.5||||1.3|1.38|1.45||||1.37|1.45|1.51|2.67|1.4|2.7|4|0.14|0.16|0.18||||22.5|29.4|35|8|15.6|23.8|39|44|48|0|1.5|2.9|25|36.5|48|8|16.5|25|0|8|26|".37"|".37"|0|0|0|0|0|0|0|0|0|0|0|0||||15|27.5|40|0|2.5|5|4.5|5|5.5||||||||||14.3|27.9|41.5|||||||||||||||||||||"21856335"|"64452160"
"E"||"E"||||15|||30|||15||0|0|0|0|0|0|75|87.5|100|75|87.5|100|40|67.5|95|12|43.5|75||45|||4.4|||6|||8|||13.9|||12.7|||41.5||||||||2|13.5|25||||0.5|0.75|1||||1.4|1.5|1.6||||1.47|1.57|1.65|2.65|4|9|14|0.07|0.12|0.17||||12.2|23.1|30.7|1.6|8.5|16.4|31|38|44|0|1.5|2.9|15|22.5|30|0|5|10|0|0|6|".49"|".49"|0|0|0|0|0|0|0|0|0|0|0|0||||5|10|15|0|2.5|5|4.5|5.3|6||||||||||3.9|11|18.1|||||||||||||||||||||"21856335"|"64452161"
"Bt"||"B"||||30|||140|||110||0|0|0|0|0|0|85|92.5|100|85|92.5|100|70|85|100|40|67.5|95||23.3|||3.2|||3.7|||4.3|||6.5|||5.6|||29.2||||||||35|47.5|60||||0|0.5|1||||1.25|1.33|1.4||||1.59|1.67|1.73|2.69|0.42|1|1.4|0.15|0.17|0.18||||26.3|38.3|42.2|17|24.7|32.8|41|45|50|6|7.5|8.9|45|57.5|70|20|30|40|3|19|45|".24"|".24"|0|0|0|0|0|0|0|0|0|0|0|0||||20|32.5|45|0|2.5|5|4.5|5|5.5||||||||||21|35|48.9|||||||||||||||||||||"21856335"|"64452162"
"A"||"A"||||0|||15|||15||0|0|0|0|0|0|75|87.5|100|75|87.5|100|65|80|95|40|57.5|75||43|||4.2|||5.8|||7.6|||13.3|||12.1|||39.5||||||||10|17.5|25||||1|2|3||||1.3|1.4|1.5||||1.37|1.47|1.54|2.64|4|9|14|0.13|0.15|0.17||||19.3|25.9|31.6|5.9|11.5|17.8|34|40|47|0|1.5|2.9|15|22.5|30|4|7|10|0|1|6|".37"|".37"|0|0|0|0|0|0|0|0|0|0|0|0||||5|10|15|0|2.5|5|4.5|5.3|6||||||||||5.5|13.2|20.9|||||||||||||||||||||"21856304"|"64452121"
"BC"||"BC"||||140|||183|||43||0|0|0|0|0|0|85|92.5|100|85|92.5|100|65|82.5|100|30|62.5|95||34.7|||3.1|||4.4|||6|||10.9|||10.3|||37.8||||||||15|27.5|40||||0|0.25|0.5||||1.3|1.38|1.45||||1.37|1.45|1.51|2.67|1.4|2.7|4|0.14|0.16|0.18||||22.5|29.4|35|8|15.6|23.8|39|44|48|0|1.5|2.9|25|36.5|48|8|16.5|25|0|8|26|".37"|".37"|0|0|0|0|0|0|0|0|0|0|0|0||||15|27.5|40|0|2.5|5|4.5|5|5.5||||||||||14.3|27.9|41.5|||||||||||||||||||||"21856304"|"64452122"
"E"||"E"||||15|||30|||15||0|0|0|0|0|0|75|87.5|100|75|87.5|100|40|67.5|95|12|43.5|75||45|||4.4|||6|||8|||13.9|||12.7|||41.5||||||||2|13.5|25||||0.5|0.75|1||||1.4|1.5|1.6||||1.47|1.57|1.65|2.65|4|9|14|0.07|0.12|0.17||||12.2|23.1|30.7|1.6|8.5|16.4|31|38|44|0|1.5|2.9|15|22.5|30|0|5|10|0|0|6|".49"|".49"|0|0|0|0|0|0|0|0|0|0|0|0||||5|10|15|0|2.5|5|4.5|5.3|6||||||||||3.9|11|18.1|||||||||||||||||||||"21856304"|"64452123"
"Bt"||"B"||||30|||140|||110||0|0|0|0|0|0|85|92.5|100|85|92.5|100|70|85|100|40|67.5|95||23.3|||3.2|||3.7|||4.3|||6.5|||5.6|||29.2||||||||35|47.5|60||||0|0.5|1||||1.25|1.33|1.4||||1.59|1.67|1.73|2.69|0.42|1|1.4|0.15|0.17|0.18||||26.3|38.3|42.2|17|24.7|32.8|41|45|50|6|7.5|8.9|45|57.5|70|20|30|40|3|19|45|".24"|".24"|0|0|0|0|0|0|0|0|0|0|0|0||||20|32.5|45|0|2.5|5|4.5|5|5.5||||||||||21|35|48.9|||||||||||||||||||||"21856304"|"64452124"
"A"||"A"||||0|||15|||15||0|0|0|0|0|0|75|87.5|100|75|87.5|100|65|80|95|40|57.5|75||43|||4.2|||5.8|||7.6|||13.3|||12.1|||39.5||||||||10|17.5|25||||1|2|3||||1.3|1.4|1.5||||1.37|1.47|1.54|2.64|4|9|14|0.13|0.15|0.17||||19.3|25.9|31.6|5.9|11.5|17.8|34|40|47|0|1.5|2.9|15|22.5|30|4|7|10|0|1|6|".37"|".37"|0|0|0|0|0|0|0|0|0|0|0|0||||5|10|15|0|2.5|5|4.5|5.3|6||||||||||5.5|13.2|20.9|||||||||||||||||||||"21856336"|"64452163"
"BC"||"BC"||||140|||183|||43||0|0|0|0|0|0|85|92.5|100|85|92.5|100|65|82.5|100|30|62.5|95||34.7|||3.1|||4.4|||6|||10.9|||10.3|||37.8||||||||15|27.5|40||||0|0.25|0.5||||1.3|1.38|1.45||||1.37|1.45|1.51|2.67|1.4|2.7|4|0.14|0.16|0.18||||22.5|29.4|35|8|15.6|23.8|39|44|48|0|1.5|2.9|25|36.5|48|8|16.5|25|0|8|26|".37"|".37"|0|0|0|0|0|0|0|0|0|0|0|0||||15|27.5|40|0|2.5|5|4.5|5|5.5||||||||||14.3|27.9|41.5|||||||||||||||||||||"21856336"|"64452164"
"E"||"E"||||15|||30|||15||0|0|0|0|0|0|75|87.5|100|75|87.5|100|40|67.5|95|12|43.5|75||45|||4.4|||6|||8|||13.9|||12.7|||41.5||||||||2|13.5|25||||0.5|0.75|1||||1.4|1.5|1.6||||1.47|1.57|1.65|2.65|4|9|14|0.07|0.12|0.17||||12.2|23.1|30.7|1.6|8.5|16.4|31|38|44|0|1.5|2.9|15|22.5|30|0|5|10|0|0|6|".49"|".49"|0|0|0|0|0|0|0|0|0|0|0|0||||5|10|15|0|2.5|5|4.5|5.3|6||||||||||3.9|11|18.1|||||||||||||||||||||"21856336"|"64452165"
"Bt"||"B"||||30|||140|||110||0|0|0|0|0|0|85|92.5|100|85|92.5|100|70|85|100|40|67.5|95||23.3|||3.2|||3.7|||4.3|||6.5|||5.6|||29.2||||||||35|47.5|60||||0|0.5|1||||1.25|1.33|1.4||||1.59|1.67|1.73|2.69|0.42|1|1.4|0.15|0.17|0.18||||26.3|38.3|42.2|17|24.7|32.8|41|45|50|6|7.5|8.9|45|57.5|70|20|30|40|3|19|45|".24"|".24"|0|0|0|0|0|0|0|0|0|0|0|0||||20|32.5|45|0|2.5|5|4.5|5|5.5||||||||||21|35|48.9|||||||||||||||||||||"21856336"|"64452166"
"Bt"||"B"|||15|28|36|20|94|114|60|66|127|0|0|0|0|3|7|59|63|72|31|43|64|25|38|63|12|21|38|35|59.3|70|3|3.8|6|4|5.5|28|12|14.3|35|16|22.1|25|7|13.6|15|10|17.2|40|10|10|20|7|7.2|38|12|23.5|35|0|0|0|0|0.25|0.5||||1.35|1.48|1.6||||1.5|1.63|1.79||4|9|14|0.06|0.09|0.12||||3.1|10.5|18.1|1.3|6.6|14.4|7|19|30|0.3|0.7|1.4|22|33|44|7|16|25|0|0|2|".10"|".24"|0|0|0|0|0|0|0|0|0|0|0|0||||2.3|4.8|8.4|0.5|0.9|1|4.5|5|5.5||||||||||2.5|7.1|12.5|||||||||||||||||||||"21856371"|"64452219"
"A"||"A"|||0|0|0|5|13|15|5|13|15|0|0|0|0|2|4|66|70|79|46|57|76|33|44|65|14|22|37|52|64|70|2.5|2.5|5|7.6|7.6|16|17|18.5|22|16|24.7|30|5|10.2|12|10|29|40|9|12|16|7|8.2|32|5|7|20|0|0|0|1|1.5|2||||1.35|1.48|1.6||||1.44|1.57|1.66||14|28|42|0.07|0.12|0.17||||8.5|14.3|20|2.8|7.2|12.8|23|30|38|0.2|0.6|1.2|18|26|35|2|8|13|0|0|0|".10"|".17"|0|0|0|0|0|0|0|0|0|0|0|0|1.9|4.6|7.3||||2|2.2|2.5|4.5|5.9|6||||||||||0.8|3.4|8.8|||||||||||||||||||||"21856371"|"64452220"
"E"||"E"|||5|13|15|7|28|30|0|15|30|0|0|0|0|2|4|66|70|79|46|57|76|33|44|65|14|22|37|52|67.3|70|3.5|4.4|6|6.5|14.4|16|17|17.8|22|16|20|30|5|10.7|12|10|20.2|40|9|12|32|7|8.2|32|5|12.5|20|0|0|0|0.25|0.5|1||||1.35|1.48|1.6||||1.44|1.57|1.66||14|28|42|0.07|0.12|0.17||||8.5|14.3|20|2.8|7.2|12.8|23|30|38|0.2|0.6|1.2|16|24|33|2|8|13|0|0|0|".15"|".20"|0|0|0|0|0|0|0|0|0|0|0|0|1.8|4.5|7.2||||1|1.3|1.5|4.5|6|6||||||||||0.6|2.9|8.5|||||||||||||||||||||"21856371"|"64452221"
"C"||"C"|||89|124|140|94|203|203|30|79|114|0|0|0|0|3|6|26|26|32|9|13|27|6|10|27|2|3|11|35|82|85|1|1.1|8|10|11.9|20|20|25.9|58|6|31.2|35|0.5|11.9|12|5|10|40|0.4|5|8|3|5|12|6|8|25|0|0|0|0|0|0.5||||1.35|1.48|1.6||||1.47|1.6|1.73||4|9|14|0.04|0.07|0.11||||2.5|11.5|21.2|1|6.4|14.6|6|23|39|0.1|0.1|0.5|18|21|36|4|6|17|0|0|1|".02"|".20"|0|0|0|0|0|0|0|0|0|0|0|0||||1.5|2.3|5.9|0.5|0.6|1|4.5|4.8|5.5||||||||||1.4|3|9.2|||||||||||||||||||||"21856371"|"64452222"
"BC"||"BC"|||89|94|140|94|124|152|30|30|114|0|0|0|0|3|6|26|26|32|9|13|27|6|10|27|2|3|11|35|80|85|1|1.1|8|10|11.6|20|20|33.2|58|6|22.4|35|0.5|11.7|12|5|10|40|0.4|5|8|3|5|12|6|10|25|0|0|0|0|0|0.5||||1.35|1.48|1.6||||1.47|1.6|1.73||4|9|14|0.04|0.07|0.11||||2.5|11.5|21.2|1|6.4|14.6|6|23|39|0.1|0.1|0.5|18|21|36|4|6|17|0|0|1|".02"|".20"|0|0|0|0|0|0|0|0|0|0|0|0||||1.5|2.3|5.9|0.5|0.6|1|4.5|4.8|5.5||||||||||1.4|3|9.2|||||||||||||||||||||"21856371"|"64452223"
"A"||"A"||||0|||15|||15||0|0|0|0|3|5|50|65|80|50|62.5|75|40|55|70|20|35|50||67.3|||0.1|||3.1|||15.3|||32.3|||16.5|||20.2||||||||5|12.5|20||||0.5|1.25|2||||1.35|1.48|1.6||||1.44|1.57|1.66|2.64|14|28|42|0.07|0.12|0.17||||8.1|14.4|20.5|2.5|7.4|13.5|23|30|39|0|1.5|2.9|15|20|25|0|2.5|5|0|0|0|".10"|".24"|0|0|0|0|0|0|0|0|0|0|0|0||||5|10|15|0|2.5|5|4.5|5|5.5||||||||||4.9|11.9|18.9|||||||||||||||||||||"21856366"|"64452212"
"Bt"||"B"||||30|||107|||77||0|0|0|0|5|10|25|40|55|25|37.5|50|20|35|50|12|26|40||58.7|||3.7|||5.5|||14.1|||21.9|||13.5|||17.8||||||||12|23.5|35||||0|0.25|0.5||||1.35|1.48|1.6||||1.49|1.62|1.75|2.66|4|9|14|0.06|0.09|0.12||||5.9|11.7|18.1|2.6|7.4|14.4|13|21|30|0|1.5|2.9|20|30|40|4|9.5|15|0|0|2|".10"|".24"|0|0|0|0|0|0|0|0|0|0|0|0||||10|15|20|0|2.5|5|4.5|5|5.5||||||||||9.5|16.2|23|||||||||||||||||||||"21856366"|"64452213"
"C"||"C"||||107|||183|||76||0|3|5|0|8|15|15|47.5|80|10|42.5|75|10|37.5|65|5|20|35||68.1|||0|||2.4|||14.7|||34.1|||16.9|||14.4||||||||10|17.5|25||||0|0.25|0.5||||1.4|1.53|1.65||||1.54|1.67|1.8|2.65|4|23|42|0.04|0.08|0.11||||2.2|11.1|21.4|0.9|6.4|15|5|21|37|0|1.5|2.9|15|25|35|0|7.5|15|0|0|1|".10"|".24"|0|0|0|0|0|0|0|0|0|0|0|0||||5|10|15|0|2.5|5|4.5|5|5.5||||||||||4.8|11.1|17.4|||||||||||||||||||||"21856366"|"64452214"
"E"||"E"||||15|||30|||15||0|0|0|0|5|10|30|52.5|75|25|50|75|20|45|70|12|31|50||63.9|||0|||2.3|||13.8|||32|||15.8|||17.1||||||||10|19|35||||0.5|0.75|1||||1.35|1.48|1.6||||1.46|1.59|1.7|2.65|4|9|14|0.06|0.11|0.15||||5.8|14|24.8|2.5|8.5|20.7|13|26|39|0|1.5|2.9|20|30|40|4|11|18|0|0|5|".10"|".24"|0|0|0|0|0|0|0|0|0|0|0|0||||5|12.5|20|0|2.5|5|4.5|5|5.5||||||||||5.5|14.2|23.7|||||||||||||||||||||"21856366"|"64452215"
"Btx"||"B"||||61|||150|||89||0|0|0|0|0|0|94|97|100|90|95|100|60|80|100|30|55|80||38.5|||3.4|||4.9|||6.7|||12.1|||11.4|||36.5||||||||18|25|32||||0|0.25|0.5||||1.6|1.7|1.8||||1.68|1.78|1.86|2.66|1.4|2.7|4|0.05|0.08|0.1||||25.8|30.3|34.3|11.4|16.8|22.5|28|33|37|0|1.5|2.9|23|33|43|7|13|19|0|4|15|".24"|".24"|0|0|0|0|0|0|0|0|0|0|0|0||||5|10|15|0|2.5|5|4.5|5|5.5||||||||||5.6|11.9|18.1|||||||||||||||||||||"21856307"|"64452129"
"BC"||"BC"||||150|||183|||33||0|0|0|0|0|0|94|97|100|90|95|100|60|80|100|30|55|80||61|||3.7|||13.4|||16.9|||18.1|||8.9|||20||||||||18|19|32||||0|0.25|0.5||||1.6|1.7|1.8||||1.68|1.78|1.86|2.66|1.4|2.7|4|0.05|0.08|0.1||||20.5|22.1|28.9|12|13.5|23.6|28|33|37|0|1.5|2.9|23|33|43|7|13|19|0|4|15|".24"|".24"|0|0|0|0|0|0|0|0|0|0|0|0||||5|10|15|0|2.5|5|4.5|5|5.5||||||||||5.6|11.2|18.1|||||||||||||||||||||"21856307"|"64452130"
"Ap"||"A"||||0|||23|||23||0|0|0|0|0|0|98|99|100|90|95|100|60|80|100|30|47.5|65||63.9|||0.3|||4.4|||14.2|||27.8|||17.2|||26.6||||||||3|9.5|16||||0.5|1.75|3||||1.5|1.55|1.6||||1.57|1.62|1.69|2.63|4|9|14|0.13|0.15|0.16||||10.5|18.3|23.9|2.7|8.9|15.5|34|37|40|0|1.5|2.9|15|20|25|0|2|4|0|0|0|".24"|".24"|0|0|0|0|0|0|0|0|0|0|0|0||||5|10|15|0|2.5|5|4.5|5.3|6||||||||||4.1|11.9|19.9|||||||||||||||||||||"21856307"|"64452131"
"Bt"||"B"||||23|||61|||38||0|0|0|0|0|0|98|99|100|90|95|100|80|90|100|40|60|80||38.5|||3.4|||4.9|||6.7|||12.1|||11.4|||36.5||||||||18|25|32||||0.5|0.75|1||||1.45|1.55|1.65||||1.52|1.62|1.69|2.65|4|9|14|0.11|0.14|0.17||||25.7|29.9|33.6|11.2|16.1|21.2|33|38|42|0|1.5|2.9|23|31.5|40|7|13|19|0|5|14|".28"|".28"|0|0|0|0|0|0|0|0|0|0|0|0||||5|10|15|0|2.5|5|4.5|5|5.5||||||||||6.4|12.6|18.9|||||||||||||||||||||"21856307"|"64452132"
"Ap"||"A"||||0|||23|||23||0|0|0|0|0|0|98|99|100|90|95|100|60|80|100|30|47.5|65||63.9|||0.3|||4.4|||14.2|||27.8|||17.2|||26.6||||||||3|9.5|16||||0.5|1.75|3||||1.5|1.55|1.6||||1.57|1.62|1.69|2.63|4|9|14|0.13|0.15|0.16||||10.5|18.3|23.9|2.7|8.9|15.5|34|37|40|0|1.5|2.9|15|20|25|0|2|4|0|0|0|".24"|".24"|0|0|0|0|0|0|0|0|0|0|0|0||||5|10|15|0|2.5|5|4.5|5.3|6||||||||||4.1|11.9|19.9|||||||||||||||||||||"21856343"|"64452172"
"Bt"||"B"||||23|||61|||38||0|0|0|0|0|0|98|99|100|90|95|100|80|90|100|40|60|80||38.5|||3.4|||4.9|||6.7|||12.1|||11.4|||36.5||||||||18|25|32||||0.5|0.75|1||||1.45|1.55|1.65||||1.52|1.62|1.69|2.65|4|9|14|0.11|0.14|0.17||||25.7|29.9|33.6|11.2|16.1|21.2|33|38|42|0|1.5|2.9|23|31.5|40|7|13|19|0|5|14|".28"|".28"|0|0|0|0|0|0|0|0|0|0|0|0||||5|10|15|0|2.5|5|4.5|5|5.5||||||||||6.4|12.6|18.9|||||||||||||||||||||"21856343"|"64452173"
"Btx"||"B"||||61|||150|||89||0|0|0|0|0|0|94|97|100|90|95|100|60|80|100|30|55|80||38.5|||3.4|||4.9|||6.7|||12.1|||11.4|||36.5||||||||18|25|32||||0|0.25|0.5||||1.6|1.7|1.8||||1.68|1.78|1.86|2.66|1.4|2.7|4|0.05|0.08|0.1||||25.8|30.3|34.3|11.4|16.8|22.5|28|33|37|0|1.5|2.9|23|33|43|7|13|19|0|4|15|".24"|".24"|0|0|0|0|0|0|0|0|0|0|0|0||||5|10|15|0|2.5|5|4.5|5|5.5||||||||||5.6|11.9|18.1|||||||||||||||||||||"21856343"|"64452174"
"BC"||"BC"||||150|||183|||33||0|0|0|0|0|0|94|97|100|90|95|100|60|80|100|30|55|80||61|||3.7|||13.4|||16.9|||18.1|||8.9|||20||||||||18|19|32||||0|0.25|0.5||||1.6|1.7|1.8||||1.68|1.78|1.86|2.66|1.4|2.7|4|0.05|0.08|0.1||||20.5|22.1|28.9|12|13.5|23.6|28|33|37|0|1.5|2.9|23|33|43|7|13|19|0|4|15|".24"|".24"|0|0|0|0|0|0|0|0|0|0|0|0||||5|10|15|0|2.5|5|4.5|5|5.5||||||||||5.6|11.2|18.1|||||||||||||||||||||"21856343"|"64452175"
"Btg"||"B"||||58|||183|||125||0|0|0|0|0|0|100|100|100|100|100|100|90|95|100|70|82.5|95|0.5|7.1|15||0.4|||0.6|||1|||2.2|||2.9|||65.4||||||||15|27.5|40|0|||0|0.25|0.5||||1.4|1.48|1.55||||1.47|1.55|1.61|2.67|0.42|1|1.4|0.16|0.19|0.22||||24.7|30.8|35.3|8.9|16.6|24.3|39|42|45|0|1.5|2.9|24|34.5|45|7|16|25|2|12|25|".49"|".49"|0|0|0|0|0|0|0|0|0|0|0|0|15|22.5|30|15|20|30|7.4|20.4|27.9|4.5|5.3|6||||||||||0.7|6.7|13.1|||||||||||||||||||||"21856337"|"64452167"
"Ap"||"A"||||0|||18|||18||0|0|0|0|0|0|100|100|100|100|100|100|95|97.5|100|70|85|100|1|13.9|15||0.1|||0.4|||1|||4|||8.4|||70.1||||||||5|16|27|0|||1|2|3||||1.35|1.43|1.5||||1.42|1.5|1.56|2.64|4|9|14|0.16|0.19|0.22||||19.1|27.4|32.5|4.3|11.8|19.3|40|42|45|0|1.5|2.9|15|25|35|0|7.5|15|0|4|15|".49"|".49"|0|0|0|0|0|0|0|0|0|0|0|0|10|15|20|10|15|20|4.1|12.7|17.3|4.5|5.3|6||||||||||0.2|6.9|14|||||||||||||||||||||"21856337"|"64452168"
"Eg"||"E"||||18|||58|||40||0|0|0|0|0|0|100|100|100|100|100|100|95|97.5|100|70|85|100|1|13.9|15||0.1|||0.4|||1|||4|||8.4|||70.1||||||||5|16|27|0|||0.5|0.75|1||||1.35|1.45|1.55||||1.42|1.52|1.58|2.65|1.4|2.7|4|0.16|0.19|0.22||||18|26.1|31.1|3.6|10.3|17|39|42|46|0|1.5|2.9|15|25|35|0|7.5|15|0|4|15|".55"|".55"|0|0|0|0|0|0|0|0|0|0|0|0|10|15|20|10|15|20|4.5|11.2|16.9|4.5|5.3|6||||||||||0|5.2|11.3|||||||||||||||||||||"21856337"|"64452169"
"A"||"A"||||0|||23|||23||0|0|0|0|0|0|100|100|100|100|100|100|85|92.5|100|60|77.5|95|1|14|||0.1|||0.4|||1|||4|||8.5|||71||||||||5|15|25||||1|2|3||||1.4|1.45|1.5||||1.47|1.52|1.58|2.63|4|9|14|0.2|0.21|0.22||||19.2|27|32|4.3|11.4|18.4|40|42|43|0|1.5|2.9|25|30|35|7|11|15|1|7|14|".43"|".43"|0|0|0|0|0|0|0|0|0|0|0|0||||2|3.9|8|2|6|10|4.5|5.3|6||||||||||3|7.1|11.3|||||||||||||||||||||"21856340"|"64452170"
"C"||"C"||||23|||183|||160||0|0|0|0|0|0|100|100|100|100|100|100|85|92.5|100|70|80|90|0.5|7.1|||0.4|||0.6|||1|||2.2|||2.9|||65.4||||||||20|27.5|35||||0|0.5|1||||1.45|1.5|1.55||||1.52|1.57|1.63|2.67|4|9|14|0.18|0.2|0.21||||27.5|31.2|34.2|12|17.2|22.3|39|41|43|0|1.5|2.9|30|37.5|45|12|18.5|25|6|13|23|".43"|".43"|0|0|0|0|0|0|0|0|0|0|0|0||||5|9.3|20|2|6|10|4.5|5|5.5||||||||||4.4|7|9.6|||||||||||||||||||||"21856340"|"64452171"
"Ap"||"A"|||0|0|0|5|15|20|5|15|20|0|0|0|0|0|0|100|100|100|100|100|100|94|98|100|84|91|96|7|14.3|20|0.1|0.6|0.7|0.2|0.9|1|0.5|1.1|1.2|2.1|3|5.5|4.1|8.7|12.8|61.2|73.2|80|||||||8|12.5|19|0|0|0|0.5|1.25|2||||1.48|1.5|1.51||||1.51|1.53|1.55|2.64|4.23|9.17|14.11|0.23|0.24|0.26||||20.9|25.1|29.2|5.5|9.3|14.2|41|41|42|0.4|0.7|1.2|20|25|33|4|7|12|0|3|10|".49"|".49"|0|0|0|0|0|0|0|0|0|0|1|2||||1.9|3.4|6.1|1.9|3.4|6.1|4.5|5.3|6|3.5|4.3|5|||||||0.1|5.2|11.2|||||||||||||||||||||"21856277"|"64452085"
"Bt"||"B"|||5|15|20|63|79|83|43|64|78|0|0|0|0|0|0|100|100|100|100|100|100|93|99|100|86|95|100|5|7|18|0|0.3|0.9|0|0.4|1.5|0.1|0.5|2.4|0|1.5|5.7|3.5|4.3|7.5|49|64|77|||||||18|29|35|0|0|0|0.05|0.25|0.5||||1.47|1.48|1.49||||1.58|1.59|1.65|2.67|1.41|4.23|9.17|0.2|0.22|0.24||||26.4|31.4|33.7|10.7|17.5|21.4|42|42|43|1.1|2.4|3.7|28|38|45|12|20|25|8|19|27|".49"|".49"|0|0|0|0|0|0|0|0|0|0|1|2||||5.7|10.7|16|3.9|9.6|14.8|4.5|5.3|6|3.5|4.3|5|||||||1.4|7|12.1|||||||||||||||||||||"21856277"|"64452086"
"2Bt"|2|"B"|||63|79|83|98|203|203|15|124|140|0|0|0|0|0|0|100|100|100|100|100|100|89|96|100|79|90|99|7|12|18|0|1.6|1.9|0|1.9|2.3|0.4|2.2|2.4|2.3|3.4|5.7|2.1|2.9|7.5|27|38|56|||||||30|50|55|0|0|0|0.05|0.1|0.2||||1.4|1.44|1.49||||1.79|1.83|1.92|2.7|0.42|0.92|1.41|0.13|0.14|0.15||||27.3|36.8|37.6|16.6|27.6|30.5|40|42|44|2.5|6.8|8.5|39|59|64|21|36|40|12|29|38|".28"|".28"|0|0|0|0|0|0|0|0|0|0|1|2||||11.4|22.2|26.9|5.6|19.9|24.1|4.5|5.3|6|3.5|4.3|5|||||||3.6|10.7|15.5|||||||||||||||||||||"21856277"|"64452087"
"Ap"||"A"|||0|0|0|5|15|20|5|15|20|0|0|0|0|0|0|100|100|100|100|100|100|94|98|100|84|91|96|7|14.3|20|0.1|0.6|0.7|0.2|0.9|1|0.5|1.1|1.2|2.1|3|5.5|4.1|8.7|12.8|61.2|73.2|80|||||||8|12.5|19|0|0|0|0.5|1.25|2||||1.48|1.5|1.51||||1.51|1.53|1.55|2.64|4.23|9.17|14.11|0.23|0.24|0.26||||20.9|25.1|29.2|5.5|9.3|14.2|41|41|42|0.4|0.7|1.2|20|25|33|4|7|12|0|3|10|".49"|".49"|0|0|0|0|0|0|0|0|0|0|1|2||||1.9|3.4|6.1|1.9|3.4|6.1|4.5|5.3|6|3.5|4.3|5|||||||0.1|5.2|11.2|||||||||||||||||||||"21856279"|"64452088"
"Bt"||"B"|||5|15|20|63|79|83|43|64|78|0|0|0|0|0|0|100|100|100|100|100|100|93|99|100|86|95|100|5|7|18|0|0.3|0.9|0|0.4|1.5|0.1|0.5|2.4|0|1.5|5.7|3.5|4.3|7.5|49|64|77|||||||18|29|35|0|0|0|0.05|0.25|0.5||||1.47|1.48|1.49||||1.58|1.59|1.65|2.67|1.41|4.23|9.17|0.2|0.22|0.24||||26.4|31.4|33.7|10.7|17.5|21.4|42|42|43|1.1|2.4|3.7|28|38|45|12|20|25|8|19|27|".49"|".49"|0|0|0|0|0|0|0|0|0|0|1|2||||5.7|10.7|16|3.9|9.6|14.8|4.5|5.3|6|3.5|4.3|5|||||||1.4|7|12.1|||||||||||||||||||||"21856279"|"64452089"
"2Bt"|2|"B"|||63|79|83|98|203|203|15|124|140|0|0|0|0|0|0|100|100|100|100|100|100|89|96|100|79|90|99|7|12|18|0|1.6|1.9|0|1.9|2.3|0.4|2.2|2.4|2.3|3.4|5.7|2.1|2.9|7.5|27|38|56|||||||30|50|55|0|0|0|0.05|0.1|0.2||||1.46|1.5|1.55||||1.79|1.83|1.92|2.7|0.42|0.92|1.41|0.13|0.14|0.15||||27.3|36.8|37.6|16.6|27.6|30.5|40|42|44|2.5|6.8|8.5|39|59|64|21|36|40|12|29|38|".28"|".28"|0|0|0|0|0|0|0|0|0|0|1|2||||11.4|22.2|26.9|5.6|19.9|24.1|4.5|5.3|6|3.5|4.3|5|||||||3.6|10.7|15.5|||||||||||||||||||||"21856279"|"64452090"
"A"||"A"||||0|||5|||5||0|0|0|0|0|0|100|100|100|100|100|100|95|97.5|100|90|95|100|1|14.3|||0.1|||0.4|||1|||4.1|||8.7|||72.7||||||||8|13|18|0|||0.5|1.25|2||||1.3|1.4|1.5||||1.36|1.46|1.53|2.66|4|9|14|0.2|0.22|0.23||||19.4|23.8|27|4.5|7.9|11.4|41|44|48|0|1.5|2.9|15|25|35|0|7.5|15|0|5|15|".49"|".49"|0|0|0|0|0|0|0|0|0|0|0|0||||5|10|15|2|8|14|4.5|5.3|6||||||||||0|4.3|9.6|||||||||||||||||||||"21856306"|"64452125"
"Btx2"||"B"||2||127|||152|||25||0|0|0|0|0|0|100|100|100|100|100|100|95|97.5|100|70|85|100|1|13.6|||0.1|||0.4|||1|||3.9|||8.2|||68.9||||||||10|17.5|25|0|||0|0.25|0.5||||1.3|1.45|1.6||||1.37|1.52|1.67|2.66|1.4|8|14|0.06|0.1|0.13||||21.3|26.2|29.9|5.8|10.5|15.2|37|43|48|0|1.5|2.9|28|32|40|7|12|14|3|9|16|".55"|".55"|0|0|0|0|0|0|0|0|0|0|0|0|5.1|9.2|13.2||||2|8|14|4.5|5.5|6.5||||||||||1.6|5.5|9.4|||||||||||||||||||||"21856306"|"64452126"
"Btx1"||"B"||1||71|||127|||56||0|0|0|0|0|0|100|100|100|100|100|100|95|97.5|100|90|95|100|0.5|7.2|||0|||0|||0.2|||2|||5|||70.3||||||||15|22.5|30|0|||0|0.25|0.5||||1.5|1.6|1.7||||1.57|1.67|1.74|2.67|0.42|1|1.4|0.06|0.1|0.13||||25.4|29.6|32.9|9.6|14.8|19.9|34|37|41|0|1.5|2.9|28|36|45|8|16|18|6|15|21|".55"|".55"|0|0|0|0|0|0|0|0|0|0|0|0||||5|10|15|2|8|14|4.5|5.3|6||||||||||0.7|5.7|11.2|||||||||||||||||||||"21856306"|"64452127"
"Bt and E"||"B and E"||||5|||71|||66||0|0|0|0|0|0|100|100|100|100|100|100|95|97.5|100|90|95|100|0.5|6.9|||0|||0|||0.2|||1.9|||4.8|||68.1||||||||18|25|32|0|||0|0.25|0.5||||1.4|1.45|1.5||||1.47|1.52|1.58|2.67|4|9|14|0.2|0.21|0.22||||26.2|29.6|32.5|10.4|14.8|19.2|41|43|45|0|1.5|2.9|30|38|48|8|14|20|6|14|24|".49"|".49"|0|0|0|0|0|0|0|0|0|0|0|0||||5|10|15|2|8|14|4.5|5.3|6||||||||||1.3|6.2|11.5|||||||||||||||||||||"21856306"|"64452128"
