"A12"||"A"||12||15|||23|||8||0|0|0|0|0|0|100|100|100|100|100|100|75|87.5|100|45|65|85||67.7|||0|||2.4|||14.6|||33.9|||16.8|||14.3||||||||15|18|25||||0.5|1.5|2.5||||1.25|1.35|1.45|||||1.41|||1.4|6|14|0.18|0.2|0.22|||||21.9|||12.8|||46||0|1.5|2.9|25|30|35|11|15.5|20|1|7|15|".20"|".20"|0|0|0|0|0|0|0|0|0|0|0|0|8|9.7|13.6|||||||5.1|5.5|6.5|||||||||||||||||||||||||||||||||"21852142"|"64442304"
"Ap1"||"A"||1||0|||15|||15||0|0|0|0|0|0|100|100|100|100|100|100|75|87.5|100|45|65|85||63.1|||0|||2.2|||13.6|||31.6|||15.7|||19.4||||||||15|17.5|20||||0.5|2|3||||1.25|1.35|1.45|||||1.41|||1.4|6|14|0.18|0.2|0.22|||||22.2|||13.1|||46||0|1.5|2.9|25|30|35|11|15.5|20|1|7|15|".24"|".24"|0|0|0|0|0|0|0|0|0|0|0|0|8|9.5|10.9|||||||5.6|6|6.5|||||||||||||||||||||||||||||||||"21852142"|"64442305"
"Cg"||"C"||||118|||183|||65||0|0|0|0|0|0|100|100|100|100|100|100|85|92.5|100|45|70|95||65|||4|||14.2|||18|||19.3|||9.5|||17||||||||10|18|40||||0.25|0.5|0.75||||1.5|1.55|1.6|||||1.74|||0.42|4|14|0.08|0.11|0.14|||||21.6|||12.4|||39||0|4|8.9|25|35|45|15|20|35|2|11|33|".24"|".24"|0|0|0|0|0|0|0|0|0|0|0|0|5.3|9.6|21.2|||||||5.1|5.8|6.5|||||||||||||||||||||||||||||||||"21852142"|"64442306"
"Btg2"||"B"||2||79|||118|||39||0|0|0|0|0|0|100|100|100|100|100|100|80|90|100|50|67.5|85||55.8|||1.3|||8.2|||14.8|||20.2|||11.3|||17.7||||||||18|26.5|35||||0.5|0.75|1||||1.45|1.5|1.55|||||1.71|||0.42|1|1.4|0.15|0.17|0.19|||||25.4|||17.7|||41||3|4.5|5.9|35|40|45|20|25|30|6|14|25|".28"|".28"|0|0|0|0|0|0|0|0|0|0|0|0|9.6|14.1|18.6|||||||4.5|5.5|6.5|||||||||||||||||||||||||||||||||"21852142"|"64442307"
"BAg"||"BA"||||23|||43|||20||0|0|0|0|0|0|100|100|100|100|100|100|75|87.5|100|45|65|85||67.7|||0|||2.4|||14.6|||33.9|||16.8|||14.3||||||||15|18|25||||0.5|1|1.5||||1.25|1.35|1.45|||||1.41|||1.4|6|14|0.18|0.2|0.22|||||21.4|||12.2|||46||0|1.5|2.9|25|30|35|11|15.5|20|1|7|15|".28"|".28"|0|0|0|0|0|0|0|0|0|0|0|0|8|9.7|13.4|||||||5.1|5.5|6.5|||||||||||||||||||||||||||||||||"21852142"|"64442308"
"Btg1"||"B"||1||43|||79|||36||0|0|0|0|0|0|100|100|100|100|100|100|80|90|100|50|67.5|85||55.8|||1.3|||8.2|||14.8|||20.2|||11.3|||17.7||||||||18|26.5|35||||0.5|0.75|1||||1.45|1.5|1.55|||||1.71|||0.42|1|1.4|0.15|0.17|0.19|||||25.4|||17.7|||41||3|4.5|5.9|35|40|45|20|25|30|6|14|25|".28"|".28"|0|0|0|0|0|0|0|0|0|0|0|0|9.6|14.1|18.6|||||||4.5|5.5|6.5|||||||||||||||||||||||||||||||||"21852142"|"64442309"
"Cg"||"C"||||143|||183|||40||0|0|0|0|0|0|100|100|100|100|100|100|60|77.5|95|30|52.5|75||68.8|||0.1|||3.2|||15.6|||33|||16.9|||16.2||||||||10|15|20||||0|0.25|0.5||||1.4|1.48|1.55|||||1.55|||4|9|14|0.1|0.15|0.19|||||19.9|||10.3|||42||0|1.5|2.9|20|25|30|3|5|7|0|0|4|".28"|".28"|0|0|0|0|0|0|0|0|0|0|0|0||||5|10|15||||4.5|5.3|6|||||||||||||||||||||||||||||||||"21852138"|"64442298"
"Ap"||"A"||||0|||20|||20||0|0|0|0|0|0|100|100|100|100|100|100|70|77.5|85|40|45|50||64.6|||0.3|||4.5|||14.3|||28.1|||17.4|||26.9||||||||5|8.5|12||||0.5|1.25|2||||1.4|1.45|1.5|||||1.52|||4|9|14|0.1|0.12|0.14|||||17|||7.3|||42||0|1.5|2.9|10|15|20|0|1.5|3|0|0|0|".32"|".32"|0|0|0|0|0|0|0|0|0|0|0|0||||5|7.5|10||||4.5|5.3|6|||||||||||||||||||||||||||||||||"21852138"|"64442299"
"BCg"||"BC"||||107|||143|||36||0|0|0|0|0|0|100|100|100|100|100|100|60|77.5|95|30|52.5|75||44.3|||4.3|||5.9|||7.9|||13.7|||12.5|||40.7||||||||10|15|20||||0|0.25|0.5||||1.4|1.48|1.55|||||1.55|||4|9|14|0.1|0.15|0.19|||||25.1|||9.2|||42||0|1.5|2.9|20|25|30|3|5|7|0|0|4|".43"|".43"|0|0|0|0|0|0|0|0|0|0|0|0||||5|10|15||||4.5|5.3|6|||||||||||||||||||||||||||||||||"21852138"|"64442300"
"Btg2"||"B"||2||72|||107|||35||0|0|0|0|0|0|100|100|100|100|100|100|80|90|100|35|57.5|80||55.8|||1.3|||8.2|||14.8|||20.2|||11.3|||17.7||||||||18|26.5|35||||0|0.25|0.5||||1.35|1.43|1.5|||||1.5|||1.4|2.7|4|0.13|0.17|0.2|||||24.4|||16.2|||44||0|1.5|2.9|20|27.5|35|5|10|15|0|3|11|".24"|".24"|0|0|0|0|0|0|0|0|0|0|0|0||||10|22.5|35||||4.5|5.3|6|||||||||||||||||||||||||||||||||"21852138"|"64442301"
"BEg"||"BE"||||20|||36|||16||0|0|0|0|0|0|100|100|100|100|100|100|70|82.5|95|40|57.5|75||68.5|||0.3|||4.7|||15.2|||29.8|||18.5|||21.5||||||||5|10|15||||0.5|0.75|1||||1.35|1.43|1.5|||||1.5|||4|9|14|0.1|0.15|0.19|||||17.2|||7.5|||43||0|1.5|2.9|10|15|20|0|2.5|5|0|0|1|".37"|".37"|0|0|0|0|0|0|0|0|0|0|0|0||||5|10|15||||4.5|5.3|6|||||||||||||||||||||||||||||||||"21852138"|"64442302"
"Btg1"||"B"||1||36|||72|||36||0|0|0|0|0|0|100|100|100|100|100|100|80|90|100|35|57.5|80||55.8|||1.3|||8.2|||14.8|||20.2|||11.3|||17.7||||||||18|26.5|35||||0|0.5|1||||1.35|1.43|1.5|||||1.5|||1.4|2.7|4|0.13|0.17|0.2|||||24.6|||16.6|||44||0|1.5|2.9|20|27.5|35|5|10|15|0|3|11|".24"|".24"|0|0|0|0|0|0|0|0|0|0|0|0||||10|22.5|35||||4.5|5.3|6|||||||||||||||||||||||||||||||||"21852138"|"64442303"
"BCg"||"BC"||||102|||183|||81||0|0|0|0|0|0|100|100|100|100|100|100|95|97.5|100|85|92.5|100|5|17.5|35|0|1.3|2|0|1.9|5|0|2.7|5|1|5.5|20|2|6.1|20|14.5|43.5|72.5|||||||27|39|55||||0|0.25|0.5||||1.3|1.48|1.65|||||1.69|||0.42|1|1.4|0.2|0.21|0.22|||||34.8|||23.4|||42||3|4.5|5.9|38|49|60|18|26.5|35|15|26|40|".32"|".32"|0|0|0|0|0|0|0|0|0|0|0|0|12|19|26||||5|16|24|4.5|6|7|||||||||||||||||||||||||||||||||"21852136"|"64442292"
"Btg3"||"B"||3||82|||102|||20||0|0|0|0|0|0|100|100|100|100|100|100|95|97.5|100|85|92.5|100|5|17.5|35|0|1.3|2|0|1.9|5|0|2.7|5|1|5.5|20|2|6.1|20|14.5|43.5|72.5|||||||27|39|55||||0|0.25|0.5||||1.3|1.48|1.65|||||1.69|||0.42|1|1.4|0.2|0.21|0.22|||||34.8|||23.4|||42||3|4.5|5.9|38|49|60|18|26.5|35|15|26|40|".32"|".32"|0|0|0|0|0|0|0|0|0|0|0|0|12|19|26||||5|16|24|4.5|6|7|||||||||||||||||||||||||||||||||"21852136"|"64442293"
"Ap"||"A"||||0|||15|||15||0|0|0|0|0|0|100|100|100|100|100|100|95|97.5|100|80|90|100|20|27.1|35|0|2.2|3|1|3.1|5|1|4.4|10|5|8.5|20|5|8.9|20|38.4|54.4|70.4|||||||10|18.5|27||||0.5|1.25|2||||1.3|1.48|1.65|||||1.55|||1.4|2.7|4|0.2|0.22|0.23|||||28|||12.7|||41||0|1.5|2.9|15|22.5|30|0|5|10|0|2|9|".49"|".49"|0|0|0|0|0|0|0|0|0|0|0|0|4|7|10||||5|16|24|5|6|7|||||||||||||||||||||||||||||||||"21852136"|"64442294"
"Btg2"||"B"||2||56|||82|||26||0|0|0|0|0|0|100|100|100|100|100|100|95|97.5|100|85|92.5|100|5|7.7|30|0|0.2|1|0|0.5|1|0|0.9|5|1|2.4|20|2|3.7|15|29.8|49.8|69.8|||||||35|42.5|50||||0.1|0.4|5||||1.2|1.38|1.55|||||1.71|||0.01|0.21|0.42|0.19|0.2|0.21|||||31.4|||23.3|||45||6|7.5|8.9|41|50.5|60|20|27.5|35|17|28|40|".37"|".37"|0|0|0|0|0|0|0|0|0|0|0|0||||17.6|23.5|32.6|5|16|24|4.5|5|6|||||||||||||||||||||||||||||||||"21852136"|"64442295"
"Eg"||"E"||||15|||38|||23||0|0|0|0|0|0|100|100|100|100|100|100|95|97.5|100|80|90|100|20|27.1|35|0|2.2|3|1|3.1|5|1|4.4|10|5|8.5|20|5|8.9|20|38.4|54.4|70.4|||||||10|18.5|27||||0.1|0.5|1||||1.3|1.48|1.65|||||1.55|||1.4|2.7|4|0.2|0.22|0.23|||||27.2|||11.6|||42||0|1.5|2.9|15|22.5|30|0|5|10|0|2|9|".55"|".55"|0|0|0|0|0|0|0|0|0|0|0|0||||6|9.6|12|2|6|10|4.5|5|6|||||||||||||||||||||||||||||||||"21852136"|"64442296"
"Btg1"||"B"||1||38|||56|||18||0|0|0|0|0|0|100|100|100|100|100|100|95|97.5|100|85|92.5|100|5|7.7|30|0|0.2|1|0|0.5|1|0|0.9|5|1|2.4|20|2|3.7|15|29.8|49.8|69.8|||||||35|42.5|50||||0.1|0.4|0.7||||1.2|1.38|1.55|||||1.71|||0.01|0.21|0.42|0.19|0.2|0.21|||||31.4|||23.3|||45||6|7.5|8.9|41|50.5|60|20|27.5|35|17|28|40|".37"|".37"|0|0|0|0|0|0|0|0|0|0|0|0||||17.6|23.5|32.6|5|16|24|4.5|5|6|||||||||||||||||||||||||||||||||"21852136"|"64442297"
"Cg"||"C"||||123|||183|||60||0|0|0|0|0|0|100|100|100|100|100|100|100|100|100|90|95|100|1|11.4|||0.1|||0.4|||0.9|||3.4|||6.6|||68.6||||||||10|20|30||||0|0.25|0.5||||1.4|1.55|1.7|||||1.62|||0.42|2|4|0.21|0.22|0.23|||||28.1|||12.8|||39||0|1.5|2.9|25|32.5|40|5|12.5|20|3|11|21|".55"|".55"|0|0|0|0|0|0|0|0|0|0|0|0|5|15|25|||||||5|6.4|7.8|||||||||||||||||||||||||||||||||"21852134"|"64442287"
"BCg"||"BC"||||94|||123|||29||0|0|0|0|0|0|100|100|100|100|100|100|100|100|100|90|95|100|1|11.4|||0.1|||0.4|||0.9|||3.4|||6.6|||68.6||||||||10|20|30||||0|0.25|0.5||||1.4|1.55|1.7|||||1.62|||0.42|2|4|0.21|0.22|0.23|||||28.1|||12.8|||39||0|1.5|2.9|25|32.5|40|5|12.5|20|3|11|21|".55"|".55"|0|0|0|0|0|0|0|0|0|0|0|0|5|15|25|||||||5|6.4|7.8|||||||||||||||||||||||||||||||||"21852134"|"64442288"
"Eg"||"E"||||15|||36|||21||0|0|0|0|0|0|100|100|100|100|100|100|100|100|100|95|97.5|100|1|11.7|||0.2|||0.4|||0.9|||3.5|||6.7|||69.8||||||||10|18.5|27||||0.5|0.75|1||||1.3|1.48|1.65|||||1.55|||1.4|2.7|4|0.21|0.22|0.23|||||27.5|||12|||42||0|1.5|2.9|15|23|31|0|5|10|0|3|10|".55"|".55"|0|0|0|0|0|0|0|0|0|0|0|0|4|9.5|15|||||||5|5.5|6|||||||||||||||||||||||||||||||||"21852134"|"64442289"
"Btg"||"B"||||36|||94|||58||0|0|0|0|0|0|100|100|100|100|100|100|95|97.5|100|95|97.5|100|0.5|7|||0.4|||0.6|||0.9|||2.2|||2.9|||64.5||||||||22|28.5|35||||0.5|0.75|1||||1.3|1.5|1.7|||||1.71|||0.42|1|1.4|0.2|0.21|0.22|||||31.8|||18.1|||41||3|4.5|5.9|30|37.5|45|11|17.5|24|9|17|26|".49"|".49"|0|0|0|0|0|0|0|0|0|0|0|0|5|15|25|||||||5|5.5|6|||||||||||||||||||||||||||||||||"21852134"|"64442290"
"Ap"||"A"||||0|||15|||15||0|0|0|0|0|0|100|100|100|100|100|100|100|100|100|95|97.5|100|1|11.7|||0.2|||0.4|||0.9|||3.5|||6.7|||69.8||||||||10|18.5|27||||0.5|1.25|2||||1.3|1.48|1.65|||||1.55|||1.4|2.7|4|0.21|0.22|0.23|||||28|||12.7|||41||0|1.5|2.9|15|23|31|0|5|10|0|3|10|".49"|".49"|0|0|0|0|0|0|0|0|0|0|0|0|4|9.5|15|||||||5|5.5|6|||||||||||||||||||||||||||||||||"21852134"|"64442291"
"Ap"||"A"|||0|0|0|8|13|20|8|13|20|0|0|0|0|0|0|100|100|100|100|100|100|94|99|100|84|92|100|1|11.7|12|0|0.2|0.5|0|0.4|1|0|0.9|2|0.5|3.5|5|0.5|6.7|10|61|69.8|83.8|||||||10|18.5|27|0|0|0|0.5|1.25|2||||1.45|1.46|1.47||||1.53|1.54|1.6||1.4|2.7|4|0.21|0.22|0.23||||22.2|27.9|32|6.5|12.5|18.4|41|42|42|0.8|1.7|3.2|22|31|41|6|12|19|2|10|20|".49"|".49"|0|0|0|0|0|0|0|0|0|0|0|0|6.5|12.4|18||||4.8|9.4|15.5|5|5.5|6||||||||||3.6|6.8|9.9|||||||||||||||||||||"21852146"|"64442314"
"Btg"||"B"|||36|43|51|97|102|112|46|59|76|0|0|0|0|0|0|100|100|100|100|100|100|95|99|100|88|95|100|1|7.1|10|0|0.4|0.5|0|0.6|1|0|1|2|0.5|2.2|5|0.5|2.9|10|55|62.9|73.9|||||||22|30|35|0|0|0|0.5|0.75|1||||1.37|1.42|1.46||||1.49|1.54|1.59||0.42|1|1.4|0.2|0.21|0.22||||28.4|31.7|33.6|13.1|18|21.1|42|44|45|1.6|2.8|3.8|32|41|46|15|21|25|12|21|27|".49"|".49"|0|0|0|0|0|0|0|0|0|0|0|0||||9.9|13.7|16.6|7.2|10.3|10.7|5|5.3|5.5||||||||||5.1|7.8|10.5|||||||||||||||||||||"21852146"|"64442315"
"BCg"||"BC"|||97|102|112|200|200|200|88|98|103|0|0|0|0|0|0|100|100|100|100|100|100|93|99|100|83|92|100|1|11.4|12|0|0.1|0.5|0|0.4|1|0|0.9|2|0.5|3.4|5|0.5|6.6|10|58|68.6|84.1|||||||10|20|30|0|0|0|0|0.25|0.5||||1.41|1.44|1.47||||1.49|1.52|1.58||1.4|2.7|4|0.21|0.22|0.23||||21.2|27.4|31.7|5.8|11.9|17.9|42|43|44|0.8|1.8|3.2|21|30|40|6|13|21|2|10|22|".55"|".55"|0|0|0|0|0|0|0|0|0|0|0|0|6|11.3|16.3||||3.4|9.6|17.8|5|6.4|7.8||||||||||0|3.3|8.6|||||||||||||||||||||"21852146"|"64442316"
"Eg"||"E"|||8|13|20|36|43|51|16|30|43|0|0|0|0|0|0|100|100|100|100|100|100|94|99|100|84|92|100|1|11.7|12|0|0.2|0.5|0|0.4|1|0|0.9|2|0.5|3.5|5|0.5|6.7|10|61|69.8|83.8|||||||10|18.5|27|0|0|0|0.5|0.75|1||||1.45|1.46|1.48||||1.52|1.53|1.59||1.4|2.7|4|0.21|0.22|0.23||||22.2|27.3|31.1|6.5|11.8|17.1|41|42|42|0.8|1.6|2.9|22|30|39|6|12|19|2|10|20|".55"|".55"|0|0|0|0|0|0|0|0|0|0|0|0|6.5|11.4|16.2||||3.6|7.1|12|5|5.5|6||||||||||3.6|6.3|8.9|||||||||||||||||||||"21852146"|"64442317"
"Ap"||"A"|||0|0|0|8|8|20|8|15|25|0|0|0|0|0|0|100|100|100|100|100|100|91|99|100|80|91|100|0.6|13.6|25|0|0.1|0.3|0|0.4|0.7|0|1|1.8|0.2|3.9|7.2|0.4|8.2|15|50|68.9|88|||||||10|17.5|25|0|0|1|0.5|1.2|2||||1.43|1.45|1.47||||1.49|1.51|1.56||4|9|14|0.14|0.17|0.2||||22.1|27.3|31.2|6.5|11.8|17.1|41|42|43|0.7|1.4|2.4|21|30|39|5|11|17|2|9|18|".49"|".49"|0|0|1|0|0|0|0|0|0|0|0|2|5.4|9.4|13.5||||1.9|6.2|13.3|4.5|5.5|6.5||||||||||1.9|6.1|10.4|||||||||||||||||||||"21852145"|"64442310"
"Eg"||"E"|||8|8|20|28|38|66|20|23|46|0|0|0|0|0|0|100|100|100|100|100|100|92|99|100|80|91|100|1|14.3|25|0|0.1|0.1|0|0.4|0.7|0.1|1|1.8|0.3|4.1|7.2|0.6|8.7|15.2|57|72.7|88|||||||6.3|13|18|0|0|1|0.5|0.75|1||||1.42|1.48|1.53||||1.46|1.52|1.55||4|9|14|0.14|0.17|0.2||||19.4|24.6|27.5|4.5|8.7|12|40|41|44|0.4|1|1.5|18|25|30|2|8|12|0|5|11|".64"|".64"|0|0|1|0|0|0|0|0|0|0|0|2|3.4|7|9.7||||1.1|4.1|8.9|4.5|5.5|6.5||||||||||1.5|5.4|9|||||||||||||||||||||"21852145"|"64442311"
"Btg"||"B"|||28|38|66|104|135|180|76|97|114|0|0|0|0|0|0|100|100|100|100|100|100|90|99|100|82|94|100|0.5|7.3|35|0|0.4|1.9|0|0.6|2.9|0.1|1|4.8|0.2|2.3|11|0.2|3|14.4|38.9|64.7|81.5|||||||18|28|35|0|0|1|0.5|0.75|1||||1.39|1.43|1.47||||1.51|1.55|1.6||0.42|1|1.4|0.14|0.17|0.2||||26.6|31.1|33.6|11|17|21.2|42|43|45|1.4|2.8|3.9|29|39|46|11|19|25|8|18|27|".49"|".49"|0|0|1|0|0|0|0|0|0|0|0|2|9.6|14.9|18.6||||3|11.8|17|4.5|5.5|6.5||||||||||2.8|7|10.8|||||||||||||||||||||"21852145"|"64442312"
"BCg"||"BC"|||104|135|180|203|203|203|23|68|99|0|0|0|0|0|0|100|100|100|100|100|100|89|100|100|63|79|96|5|36.9|42|0|0|0|0|0.1|0.1|0.1|0.8|0.9|1|7.6|8.7|3.9|28.4|32.3|28|42.1|81.1|||||||12|21|30|0|0|1|0|0.25|0.5||||1.47|1.48|1.5||||1.55|1.56|1.62||1.4|7.5|14|0.1|0.15|0.2||||22.9|28.1|32|7.1|12.8|18.4|41|42|42|0.9|1.8|3.1|22|31|40|7|14|21|1|9|21|".49"|".49"|0|0|1|0|0|0|0|0|0|0|0|2|6.1|11|15.8||||3.7|10.1|17.3|5.1|6.5|7.8||||||||||0|2.9|8.2|||||||||||||||||||||"21852145"|"64442313"
"Cg"||"C"|||51|112|183|152|183|203|10|71|149|0|0|0|0|0|0|100|100|100|100|100|100|89|94|100|24|30|41|65|82.9|86|0|0|0.4|1.5|1.9|2|11.3|14.4|14.8|34.2|43.7|45.1|18|22.9|23.8|0|9.1|30|||||||5|8|20|0|1|2|0|0.25|0.5||||1.56|1.59|1.62||||1.58|1.61|1.67||4|9|14|0.17|0.24|0.26|18.1|21.1|27.2|12.3|15.7|23.6|3.6|6.1|15|37|38|39|0.2|0.5|1.6|15|19|31|1|4|13|0|0|1|".20"|".20"|1|3|5|0|0|0|5|7|9|0|2|4|2.6|3.7|9.6||||41.6|47.5|57|6.6|8|8.6||||||||||0|0|2.5|||||||||||||||||||||"21852157"|"64442358"
"Ap"||"A"|||0|0|0|8|20|25|8|20|25|0|0|0|0|0|0|100|100|100|100|100|100|87|93|99|36|43|51|55|66.1|74|0|0.1|0.1|2.6|3.1|3.5|12.5|15|16.8|26.4|31.7|35.5|13.5|16.2|18.1|6|19.9|37|||||||8|14|20|0|0|0|1|1.5|2||||1.5|1.56|1.61||||1.55|1.61|1.64||4|9|14|0.14|0.15|0.17||||16.8|21.3|24.9|7.1|12|16.9|36|38|40|0.5|1.1|1.7|21|28|34|4|9|13|0|0|3|".24"|".24"|0|0|0|0|0|0|0|0|0|0|1|2|4.3|7.6|10.8||||2|6.6|10.8|5.1|6.2|7.3||||||||||0|3.9|8.1|||||||||||||||||||||"21852157"|"64442359"
"Eg"||"E"|||8|20|25|18|30|56|10|10|48|0|0|0|0|0|0|100|100|100|100|100|100|87|93|99|36|43|51|55|66.1|74|0|0.1|0.1|2.6|3.1|3.5|12.5|15|16.8|26.4|31.7|35.5|13.5|16.2|18.1|6|19.9|37|||||||8|14|20|0|0|0|1|1.5|2||||1.5|1.53|1.56||||1.55|1.58|1.61||4|9|14|0.13|0.14|0.15||||16.7|21.1|24.6|7|11.8|16.6|38|39|40|0.5|1.1|1.7|21|28|34|4|9|13|0|0|3|".28"|".28"|0|0|0|0|0|0|0|0|0|0|1|2|4.3|7.6|10.8||||1.6|6.4|10.8|5.1|6.2|7.3||||||||||0|3.9|8.1|||||||||||||||||||||"21852157"|"64442360"
"Btng"||"B"|||18|30|56|51|112|183|33|82|94|0|0|0|0|0|0|100|100|100|100|100|100|86|93|100|30|39|48|60|70.9|80|0|0.1|0.1|2.4|3|3.4|12.4|14.7|16.6|30|35.5|39.9|14.9|17.6|19.9|0|16.6|35|||||||5|12.5|20|0|1|2|0.5|0.75|1||||1.56|1.62|1.67||||1.6|1.66|1.7||4|9|14|0.07|0.11|0.12||||13.6|19.8|24.3|4.4|10.3|16.1|35|36|39|0.2|0.9|1.7|17|24|32|2|7|13|0|0|3|".28"|".28"|1|3|5|0|0|0|15|17|20|4|6|8|2.7|6.7|10.7||||0.8|5.6|10.7|8.2|8.5|8.7||||||||||0|0|0|||||||||||||||||||||"21852157"|"64442361"
"C"||"C"|||91|127|200|152|183|200|25|56|100|0|0|0|0|0|0|100|100|100|100|100|100|88|95|100|25|31|42|61|81.3|85|0|0|0.1|1.4|1.9|2|10.6|14.1|14.7|32.1|42.8|44.7|16.9|22.5|23.6|0|9.2|35|||||||4|9.5|15|0|0|0|0|0.25|0.5||||1.54|1.59|1.64||||1.57|1.62|1.65||14|78|141|0.22|0.24|0.26|17|22.1|25.2|11.1|16.9|20.9|2.9|7.2|11.5|36|38|40|0.2|0.7|1.2|15|21|26|1|5|9|0|0|0|".24"|".24"|0|0|0|0|0|0|0|1|2|0|1|2|2.1|5|8||||1.4|3.7|7.8|5.1|5.8|6.5||||||||||0.9|3.7|6.6|||||||||||||||||||||"21852156"|"64442353"
"BC"||"BC"|||66|97|191|91|127|200|25|30|64|0|0|0|0|0|0|100|100|100|100|100|100|87|91|95|38|43|49|60|67.5|70|0.2|0.3|0.4|4.2|4.7|4.8|13.3|15|15.5|26.1|29.3|30.6|16.2|18.2|18.7|15|21|35|||||||5|11.5|15|0|0|0|0|0.25|0.5||||1.58|1.58|1.59||||1.62|1.62|1.64||14|28|42|0.14|0.15|0.17||||12.3|18.3|20.8|3.6|8.6|11.4|38|38|38|0.3|0.8|1.2|16|22|26|2|6|9|0|0|1|".32"|".32"|0|0|0|0|0|0|0|1|2|0|1|2|2.6|6.1|8||||1.2|5|7.7|5.1|5.8|6.5||||||||||1|4|6.6|||||||||||||||||||||"21852156"|"64442354"
"Bt"||"B"|||28|43|89|66|97|191|38|54|163|0|0|0|0|0|0|100|100|100|100|100|100|82|87|93|44|49|59|40|58.2|60|2.5|3.6|3.7|3.7|5.4|5.6|9.6|14|14.4|15|21.8|22.5|9.2|13.4|13.8|10|17.8|40|||||||20|24|30|0|0|0|0.5|0.75|1||||1.39|1.5|1.6||||1.49|1.6|1.64|2.66|4|9|14|0.11|0.12|0.13||||22.3|24.4|27|13.3|16.1|20.2|38|41|45|1.7|2.2|3.1|31|35|41|13|16|21|2|4|9|".24"|".24"|0|0|0|0|0|0|0|1|2|0|1|2|10.6|12.8|16||||6.4|10.6|15.1|5.1|5.8|6.5||||||||||3|5.7|8.5|||||||||||||||||||||"21852156"|"64442355"
"AB"||"AB"|||18|20|38|28|43|89|10|23|71|0|0|0|0|0|0|100|100|100|100|100|100|86|91|100|36|42|53|55|68.5|70|0.3|0.3|0.4|4.1|4.7|5.9|13.2|15.2|19.1|25.8|29.8|37.5|16|18.5|23.3|10|21.5|40|||||||5|10|20|0|0|0|0.5|0.75|1||||1.47|1.52|1.56||||1.5|1.55|1.6|2.65|14|28|42|0.13|0.15|0.17||||13.2|17.7|23.6|4.2|7.9|15.1|39|41|42|0.3|0.7|1.7|17|22|32|2|6|13|0|0|4|".32"|".32"|0|0|0|0|0|0|0|0|0|0|1|2|2.7|5.4|10.7||||1.3|4.1|10.2|5.1|5.8|6.5||||||||||1.4|4.2|7.5|||||||||||||||||||||"21852156"|"64442356"
"Ap"||"A"|||0|0|0|18|20|38|18|20|38|0|0|0|0|0|0|100|100|100|100|100|100|85|92|100|40|46|60|58|63.5|70|0|0.3|5.1|1.3|4.4|5.1|4.3|14.1|15.5|22|27.6|41|15.2|17.1|42|15|26.5|37|||||||5|10|15|0|0|0|0.5|1.25|2||||1.48|1.56|1.65||||1.51|1.59|1.68|2.64|14|28|42|0.13|0.15|0.17||||13.4|18.6|22.4|4.3|8.9|13.4|36|39|42|0.3|0.7|1.2|17|23|30|2|5|9|0|0|2|".37"|".37"|0|0|0|0|0|0|0|0|0|0|1|2|2.7|5.4|8.2||||1.3|4.1|8|5.1|5.8|6.5||||||||||1.4|4.5|7.6|||||||||||||||||||||"21852156"|"64442357"
"Ap"||"A"|||0|0|0|13|20|30|13|20|30|0|0|0|0|0|0|100|100|100|100|100|100|84|92|100|39|46|57|55|63.9|70|0|0.3|5.3|1.3|4.4|5|4.3|14.2|15.4|20.9|27.8|41.3|14.4|17.2|42|15|26.6|31|||||||4|9.5|15|0|0|0|0.5|1.75|3||||1.51|1.58|1.65||||1.54|1.61|1.68||14|28|42|0.13|0.15|0.17||||12.4|19.1|23.6|3.6|9.4|15.1|34|37|40|0.2|0.7|1.2|16|24|32|1|5|9|0|0|3|".24"|".24"|0|0|0|0|0|0|0|0|0|0|1|2|2.2|5.2|8.2||||1.1|3.5|7|5.1|5.6|6||||||||||2.8|5.3|8.2|||||||||||||||||||||"21852155"|"64442349"
"Eg"||"E"|||13|20|30|23|36|91|10|16|78|0|0|0|0|0|0|100|100|100|100|100|100|83|92|100|38|46|58|55|63.9|75|0|0.3|5.7|1.4|4.4|5|4.6|14.2|16.5|20.9|27.8|29.3|14.4|17.2|45|10|26.6|31|||||||4|9.5|15|0|0|0|0.5|0.75|1||||1.56|1.6|1.63||||1.59|1.63|1.66||14|78|141|0.14|0.16|0.18||||12.5|17.7|21.5|3.7|8|12.3|36|37|39|0.2|0.7|1.2|16|22|27|1|5|9|0|0|2|".32"|".32"|0|0|0|0|0|0|0|0|0|0|1|2||||1.5|5.2|9.1|1.1|4|8|4.5|5|5.5||||||||||1.7|5.4|9|||||||||||||||||||||"21852155"|"64442350"
"Btg"||"B"|||23|36|91|69|86|167|46|50|144|0|0|0|0|0|0|100|100|100|100|100|100|81|91|100|31|41|60|60|69.3|95|0|0.3|7.5|0.3|4.8|4.9|2.3|15.4|20.9|22.8|30.1|61.9|13.9|18.7|64.8|2|21.7|25|||||||3|9|15|0|0|0|0|0.25|0.5||||1.62|1.63|1.64||||1.65|1.66|1.69||14|78|141|0.12|0.16|0.18||||9.9|16.7|21.1|2.2|7|11.8|36|36|37|0.2|0.6|1.2|0|20|26|0|7|9|0|0|2|".32"|".32"|0|0|0|0|0|0|0|0|0|0|1|2|1.6|4.8|8||||0.7|4.3|8|5.1|6.2|7.3||||||||||0|2.5|6.6|||||||||||||||||||||"21852155"|"64442351"
"Cg"||"C"|||69|86|167|127|183|200|10|97|131|0|0|0|0|0|0|100|100|100|100|100|100|84|95|100|24|31|52|60|81.8|95|0|0|4.4|0.3|1.9|3.9|2.3|14.2|17.9|22.8|43.1|61.9|13.9|22.6|64.8|2|9.2|25|||||||3|9|15|0|0|0|0|0.25|0.5||||1.55|1.6|1.64||||1.58|1.63|1.66||14|78|141|0.21|0.24|0.26|15.7|21.8|25.2|9.8|16.5|20.9|2.2|6.9|11.5|36|37|39|0.2|0.6|1.2|0|20|26|0|7|9|0|0|1|".24"|".24"|0|0|0|0|0|0|0|0|0|0|1|2|1.6|4.8|8||||1.1|3.6|8|5.1|6.2|7.3||||||||||0|2.5|6.6|||||||||||||||||||||"21852155"|"64442352"
"A"||"A"||||0|||8|||8||0|0|0|0|0|0|100|100|100|100|100|100|100|100|100|90|95|100|0.5|4|5||0|||0.2|||0.6|||0.7|||2.5|||81||||||||8|15|22||||0.5|1.25|2||||1.3|1.4|1.5|||||1.46|||4|9|14|0.2|0.22|0.23|||||25.8|||10|||44||0|1.5|2.9|15|22.5|30|0|5|10|0|2|9|".49"|".49"|0|0|0|0|0|0|0|0|0|0|0|0||||5|10|15||||4.5|5.3|6|||||||||||||||||||||||||||||||||"21852130"|"64442269"
"EB"||"EB"||||8|||25|||17||0|0|0|0|0|0|100|100|100|100|100|100|100|100|100|90|95|100|0.5|1.7|5||0|||0.1|||0.3|||0.3|||1|||79.8||||||||12|18.5|25||||0.5|1|1.5||||1.3|1.4|1.5|||||1.46|||4|9|14|0.2|0.22|0.23|||||27.2|||11.7|||44||0|1.5|2.9|15|22.5|30|0|5|10|0|2|9|".49"|".49"|0|0|0|0|0|0|0|0|0|0|0|0||||5|10|15||||4.5|5.3|6|||||||||||||||||||||||||||||||||"21852130"|"64442270"
"Bt2"||"B"||2||82|||122|||40||0|0|0|0|0|0|100|100|100|100|100|100|100|100|100|90|95|100|0.5|2.1|5||0|||0|||0.1|||0.2|||1.8|||69.9||||||||20|28|35||||0|0.5|1||||1.3|1.4|1.5|||||1.46|||4|9|14|0.2|0.21|0.22|||||30.6|||16.3|||45||0|1.5|2.9|35|41.5|48|15|20|25|13|20|28|".49"|".49"|0|0|0|0|0|0|0|0|0|0|0|0||||10|15|20||||4.5|5.3|6|||||||||||||||||||||||||||||||||"21852130"|"64442271"
"C"||"C"||||122|||183|||61||0|0|0|0|0|0|100|100|100|100|100|100|100|100|100|90|95|100|0.5|1.7|5||0|||0.1|||0.3|||0.3|||1|||79.8||||||||12|18.5|25||||0|0.25|0.5||||1.3|1.4|1.5|||||1.46|||4|9|14|0.2|0.22|0.23|||||26.4|||10.7|||45||0|1.5|2.9|30|35|40|6|10.5|15|5|10|17|".55"|".55"|0|0|0|0|0|0|0|0|0|0|0|0||||10|15|20||||4.5|5.3|6|||||||||||||||||||||||||||||||||"21852130"|"64442272"
"Bt1"||"B"||1||25|||82|||57||0|0|0|0|0|0|100|100|100|100|100|100|100|100|100|90|95|100|0.5|2.1|5||0|||0|||0.1|||0.2|||1.8|||69.9||||||||20|28|35||||0.5|0.75|1||||1.3|1.4|1.5|||||1.46|||4|9|14|0.2|0.21|0.22|||||30.8|||16.6|||44||0|1.5|2.9|35|41.5|48|15|20|25|13|20|28|".43"|".43"|0|0|0|0|0|0|0|0|0|0|0|0||||10|15|20||||4.5|5.3|6|||||||||||||||||||||||||||||||||"21852130"|"64442273"
"Ap"||"A"|||0|0|0|8|10|13|8|10|13|0|0|0|0|0|0|100|100|100|100|100|100|96|99|100|89|94|100|5|8.3|10|0|0.2|0.3|0.1|0.6|0.7|0.5|0.8|1|1.4|2|2.4|3|4.7|5.6|66|78.7|82.5|||||||12.5|13|24|0|0|0|0.5|1.25|2||||1.37|1.41|1.45||||1.4|1.44|1.48||4|9|14|0.2|0.22|0.23||||23.5|24.8|30.5|7.7|9|16.1|42|44|45|0.7|0.7|1.6|24|26|37|7|8|16|4|6|17|".49"|".49"|0|0|0|0|0|0|0|0|0|0|0|0||||3.2|3.5|7.9|2.4|3.5|7.9|4.5|5.3|6||||||||||1|5.3|12.1|||||||||||||||||||||"21852152"|"64442338"
"BE"||"BE"|||8|10|13|13|22|26|5|12|13|0|0|0|0|0|0|100|100|100|100|100|100|97|99|100|92|96|100|5|6.4|8|0|0.1|0.2|0|0.4|0.5|0.1|0.6|0.8|1.4|1.5|2.3|3.5|3.8|4.8|67|73.6|80|||||||15|20|25|0|0|0|0.5|0.75|1||||1.38|1.43|1.48||||1.43|1.48|1.5||4|9|14|0.2|0.22|0.23||||25.1|27.8|30.2|9.3|12.4|15.6|41|43|45|0.8|1.1|1.7|26|31|36|9|13|17|6|11|17|".49"|".49"|0|0|0|0|0|0|0|0|0|0|0|0||||4.3|6.1|8.3|3|5.6|8.3|4.5|5.3|6||||||||||1.4|5.9|10.9|||||||||||||||||||||"21852152"|"64442339"
"Bt"||"B"|||13|22|26|43|69|107|30|47|94|0|0|0|0|0|0|100|100|100|100|100|100|96|100|100|93|99|100|0.5|2|5|0|0|0.3|0|0.1|0.4|0|0.2|0.7|0.1|0.5|1.6|0.4|1.2|2|63|70|80|||||||19.5|28|32|0|0|0|0|0.5|1||||1.43|1.44|1.46||||1.52|1.53|1.59||4|9|14|0.2|0.21|0.22||||26.9|30.9|32.7|11.2|16.8|19.7|42|43|43|1.1|2.1|3.4|29|38|43|13|19|22|10|19|24|".49"|".49"|0|0|0|0|0|0|0|0|0|0|0|0||||5.8|9.5|16.3|3.9|8.2|14.5|4.5|5.3|6||||||||||1.6|7.1|12.2|||||||||||||||||||||"21852152"|"64442340"
"Btx1"||"B"||1|43|69|107|68|105|177|25|36|134|0|0|0|0|0|0|100|100|100|100|100|100|96|100|100|93|99|100|0.5|2|5|0|0|0.3|0|0.1|0.4|0|0.2|0.7|0.1|0.5|1.6|0.4|1.2|2|63|70|80|||||||19.5|28|32|0|0|0|0|0.1|0.25||||1.51|1.52|1.52||||1.57|1.58|1.62||0.42|1|1.4|0.06|0.1|0.13||||27.4|31.2|32.8|11.9|17.2|19.8|40|40|41|0.9|1.4|2.1|29|37|41|13|19|22|10|19|23|".49"|".49"|0|0|0|0|0|0|0|0|0|0|0|0||||6.3|10.3|16.3|4|9.4|14.9|4.5|5.3|6||||||||||1.6|6.8|11.5|||||||||||||||||||||"21852152"|"64442341"
"Btx2"||"B"||2|68|105|177|93|132|200|25|27|132|0|0|0|0|0|0|100|100|100|100|100|100|96|100|100|92|99|100|0.5|2.2|5|0|0|0.3|0|0.2|0.4|0.1|0.2|0.7|0.2|0.5|1.6|0|1.3|2|65|75.3|84.5|||||||15|22.5|30|0|0|0|0|0.1|0.25||||1.47|1.5|1.52||||1.52|1.55|1.59||0.42|1|1.4|0.06|0.1|0.13||||24.8|28.8|31.9|9|13.6|18.3|40|41|42|0.6|1.1|2|25|32|39|9|15|21|6|14|22|".55"|".55"|0|0|0|0|0|0|0|0|0|0|0|0||||4.6|8|15.1|2.6|7.3|13.4|4.5|5.3|6||||||||||0.7|5.7|11.2|||||||||||||||||||||"21852152"|"64442342"
"BC"||"BC"|||93|132|200|114|203|203|21|71|110|0|0|0|0|0|0|100|100|100|100|100|100|96|99|100|89|95|100|2.5|7.6|10|0|0.1|0.2|0.1|0.5|0.7|0.5|0.7|1|1.4|1.8|2.4|3|4.5|5.6|65|74.9|85|||||||12.5|17.5|25|0|0|0|0|0.1|0.25||||1.4|1.42|1.45||||1.45|1.47|1.52||1.4|8|14|0.06|0.1|0.13||||22.8|25.8|29.4|7.1|10.1|14.5|43|44|45|0.7|1.1|2.2|23|27|35|8|11|17|4|8|17|".55"|".55"|0|0|0|0|0|0|0|0|0|0|0|0||||4.1|6.6|12.3|2.8|6.4|10.6|4.5|5.5|6.5||||||||||0|3.7|9.9|||||||||||||||||||||"21852152"|"64442343"
"Ap"||"A"|||0|0|0|10|13|23|10|13|23|0|0|0|0|0|0|100|100|100|100|100|100|96|99|100|91|95|100|0.5|7.6|10|0|0.1|0.3|0|0.5|1|0|0.7|1|0.2|1.8|3|0.3|4.5|10|72|79.4|87.5|||||||12|13|18|0|0|0|0.5|1.25|2||||1.38|1.42|1.47||||1.41|1.45|1.5||4|9|14|0.2|0.22|0.23||||23.3|24.9|28.2|7.5|9.1|12.9|41|43|45|0.6|0.7|1.1|23|26|32|7|9|12|4|7|12|".49"|".49"|0|0|0|0|0|0|0|0|0|0|1|2||||3.1|3.5|5.7|2.6|3.5|5.7|4.5|5.3|6||||||||||0.9|5.3|11|||||||||||||||||||||"21852172"|"64442404"
"BE"||"BE"|||10|13|23|20|26|38|10|13|28|0|0|0|0|0|0|100|100|100|100|100|100|96|99|100|90|96|100|0.5|6.4|8|0|0.1|0.2|0|0.4|0.5|0|0.6|0.7|0.2|1.5|1.9|0.3|3.8|4.7|65|73.6|84.5|||||||15|20|27|0|0|0|0.5|0.75|1||||1.37|1.44|1.51||||1.42|1.49|1.53||4|9|14|0.2|0.22|0.23||||25.1|27.9|31|9.3|12.5|16.8|40|43|45|0.8|1.1|2|26|31|38|9|13|18|6|11|19|".49"|".49"|0|0|0|0|0|0|0|0|0|0|1|2||||4.3|6.1|9.1|3.1|5.6|9|4.5|5.3|6||||||||||1.4|5.9|11.3|||||||||||||||||||||"21852172"|"64442405"
"Bt"||"B"|||20|26|38|50|74|104|30|48|84|0|0|0|0|0|0|100|100|100|100|100|100|96|100|100|93|99|100|0.5|2.3|5|0|0|0|0|0.1|0.2|0|0.2|0.4|0.2|0.5|1.1|0.3|1.5|3.3|63|69.7|81.5|||||||18|28|32|0|0|0|0|0.5|1||||1.43|1.44|1.46||||1.52|1.53|1.59||4|9|14|0.2|0.21|0.22||||26.1|30.9|32.7|10.4|16.8|19.7|42|43|43|1|2.1|3.4|28|38|43|12|19|22|9|19|24|".49"|".49"|0|0|0|0|0|0|0|0|0|0|1|2||||5.3|9.5|16.3|3.9|8.2|14.8|4.5|5.3|6||||||||||1.3|7.1|12.2|||||||||||||||||||||"21852172"|"64442406"
"Btx"||"B"|||50|74|104|71|138|192|21|64|142|0|0|0|0|0|0|100|100|100|100|100|100|96|100|100|92|98|100|0.5|2.5|5|0|0|0|0|0.1|0.2|0|0.3|0.6|0.2|0.6|1.2|0.3|1.5|3|65|69.5|84.5|||||||15|28|30|0|0|0|0|0.1|0.25||||1.47|1.5|1.52||||1.53|1.56|1.59||0.42|1|1.4|0.06|0.1|0.13||||24.8|31|31.9|9|16.9|18.3|40|41|42|0.6|1.4|2|25|37|39|9|19|21|6|19|22|".55"|".55"|0|0|0|0|0|0|0|0|0|0|1|2||||4.6|10.3|15.1|2.6|9.4|13.4|4.5|5.3|6||||||||||0.7|6.8|11.2|||||||||||||||||||||"21852172"|"64442407"
"BC"||"BC"|||71|138|192|114|183|200|43|45|129|0|0|0|0|0|0|100|100|100|100|100|100|95|99|100|89|95|100|0.5|7.6|10|0|0.1|0.1|0|0.5|0.7|0|0.7|0.9|0.2|1.8|2.4|0.3|4.5|5.9|65|74.9|84.5|||||||15|17.5|25|0|0|0|0|0.1|0.25||||1.42|1.44|1.45||||1.47|1.49|1.54||1.4|8|14|0.06|0.1|0.13||||24.5|26|29.6|8.6|10.2|14.7|43|43|44|0.9|1.1|2.2|25|27|35|9|11|17|6|8|17|".55"|".55"|0|0|0|0|0|0|0|0|0|0|1|2||||5|6.6|12.3|2.8|6.4|10.6|4.5|5.5|6.5||||||||||0|3.7|9.9|||||||||||||||||||||"21852172"|"64442408"
"BE"||"BE"|||10|15|23|15|25|36|5|10|13|0|0|0|0|0|0|100|100|100|100|100|100|97|99|100|93|97|100|0.5|4.5|5|0|0.1|3.3|0|0.3|1|0|0.4|1|0|1.1|3|0.5|2.6|5|70|75.5|84.5|||||||15|20|25|0|0|0|0.5|0.75|1||||1.35|1.38|1.4||||1.41|1.44|1.5||4|9|14|0.2|0.22|0.23||||24.8|27.5|29.8|8.9|12|15|44|45|46|0.8|1.1|1.7|26|31|36|9|13|17|6|12|17|".49"|".49"|0|0|0|0|0|0|0|0|0|0|1|2||||4.3|6.1|8.3|3|5.6|8.3|4.5|5.3|6||||||||||1.4|5.9|10.9|||||||||||||||||||||"21852154"|"64442344"
"Bt"||"B"|||15|25|36|45|69|117|30|44|81|0|0|0|0|0|0|100|100|100|100|100|100|94|99|100|86|94|100|2|9.1|15|0|0.1|0.1|0|0.3|0.5|0.1|0.7|1.2|0.6|2.7|4.5|1.2|5.3|8.7|53|65.9|80|||||||18|25|32|0|0|0|0.25|0.5|0.75||||1.44|1.46|1.47||||1.55|1.57|1.61||4.23|9.17|14.11|0.2|0.21|0.22||||26.5|29.9|32.7|10.9|15.3|19.6|42|42|43|1.4|2.4|3.4|28|36|43|12|17|22|8|16|24|".55"|".55"|0|0|0|0|0|0|0|0|0|0|1|2|9.5|13.2|17||||3|10.5|14.9|4.5|5.6|6||||||||||4.1|6.2|10.3|||||||||||||||||||||"21852154"|"64442345"
"Ap"||"A"|||0|0|0|10|15|23|10|15|23|0|0|0|0|0|0|100|100|100|100|100|100|92|98|100|86|95|99|4|6.5|27|0.3|0.5|2|0.6|1|4.2|0.9|1.5|6.2|0.9|1.5|6.2|1.3|2|8.4|55|79.5|82|||||||12|14|18|0|0|0|0.5|1.25|3||||1.43|1.47|1.51||||1.48|1.52|1.54||4.23|9.17|14.11|0.2|0.22|0.23||||23.6|25.8|29.5|7.8|10|14.7|40|41|43|0.9|1.1|1.5|23|27|34|7|9|12|5|8|12|".49"|".49"|0|0|0|0|0|0|0|0|0|0|1|2|6.4|7.6|9.8||||1.5|6.2|9.8|4.5|5.9|7||||||||||0.7|4.6|10.3|||||||||||||||||||||"21852154"|"64442346"
"Btx"||"B"|||45|69|117|93|132|203|48|63|131|0|0|0|0|0|0|100|100|100|100|100|100|95|99|100|87|94|100|5|9.5|15|0|0.1|0.1|0.2|0.3|0.5|0.4|0.8|1.3|1.5|2.8|4.4|2.9|5.5|8.7|58|68|80|||||||15|22.5|27|0|0|0|0|0.1|0.25||||1.53|1.58|1.63||||1.58|1.63|1.66||0.42|1|1.4|0.06|0.1|0.13||||25.3|29.3|31.4|9.5|14.4|17.4|36|38|40|0.6|1.1|1.7|25|32|36|9|15|18|5|12|18|".55"|".55"|0|0|0|0|0|0|0|0|0|0|1|2||||4.6|8|13.4|2.5|6.8|11.6|4.5|5.1|6||||||||||0.7|6.7|10.6|||||||||||||||||||"Moderate"|"Slightly dry"|"21852154"|"64442347"
"BC"||"BC"|||93|132|203|97|183|207|4|51|110|0|0|0|0|0|0|100|100|100|100|100|100|96|99|100|92|97|100|0.5|4|5|0|0.1|0.3|0|0.3|1|0|0.4|1|0|1|3|0.5|2.2|5|70|78.5|87.5|||||||12|17.5|25|0|0|0|0|0.1|0.25||||1.41|1.44|1.48||||1.46|1.49|1.54||1.4|8|14|0.22|0.23|0.25||||22.6|26|29.6|6.9|10.2|14.7|42|43|44|0.7|1.1|2.2|22|27|35|7|11|17|3|9|17|".55"|".55"|0|0|0|0|0|0|0|0|0|0|1|2||||3.9|6.6|12.3|2.6|6.4|10.6|4.5|5.5|6.5||||||||||0|3.7|9.9|||||||||||||||||||||"21852154"|"64442348"
"Ap"||"A"||||0|||13|||13||0|0|0|0|0|0|100|100|100|100|100|100|95|97.5|100|85|90|95|0.5|1.8|3|0|0|1|0|0|1|0|0.1|1|0|0.5|2|0|1.2|2|47|53.2|59.5|||||||40|45|50||||1|2|3||||1.2|1.35|1.5|||||1.67|||0.01|0.21|0.42|0.14|0.17|0.2|||||32.9|||26.2|||46||9|17|25|55|60|65|33|36.5|40|29|36|43|".32"|".32"|0|0|0|0|0|0|0|0|0|0|0|0|20|32.5|45||||14|29|43|5.1|6.2|7.3|||||||||||||||||||||||||||||||||"21852183"|"64442431"
"BCg"||"BC"||||115|||140|||25||0|0|0|0|0|0|100|100|100|100|100|100|95|97.5|100|85|90|95|15|26.1|35|0|1.7|2|0|2.2|5|2|5|10|5|9.4|20|5|7.8|20|8.9|28.9|48.9|||||||35|45|55||||0.5|0.75|1||||1.15|1.33|1.5|||||1.65|||0.01|0.21|0.42|0.14|0.17|0.2|||||39.4|||24.7|||47||9|17|25|52|61|70|30|37|44|27|37|48|".28"|".28"|0|0|0|0|0|0|0|0|0|0|0|0|35|42.5|50||||31|41|50|6.1|7.3|8.4|||||||||||||||||||||||||||||||||"21852183"|"64442432"
"Cg1"||"C"||1||140|||161|||21||0|0|0|0|0|0|100|100|100|100|100|100|85|90|95|60|67.5|75|10|51.8|60|0|5.6|7|2|8.3|10|5|12.6|20|10|16.3|40|5|9|35|0|8.2|43.2|||||||30|40|50||||0|0.25|0.5||||1.2|1.35|1.5|||||1.68|||0.42|1|1.4|0.14|0.17|0.2|||||30.4|||21.6|||46||6|7.5|8.9|45|55|65|25|32.5|40|12|20|31|".17"|".17"|0|0|0|0|0|0|0|0|0|0|0|0|35|42.5|50||||32|42|50|6.6|7.5|8.4|||||||||||||||||||||||||||||||||"21852183"|"64442433"
"Cg2"||"C"||2||161|||183|||22||0|0|0|0|0|0|100|100|100|100|100|100|85|90|95|60|67.5|75|10|51.8|60|0|5.6|7|2|8.3|10|5|12.6|20|10|16.3|40|5|9|35|0|8.2|43.2|||||||30|40|50||||0|0.25|0.5||||1.2|1.35|1.5|||||1.68|||0.42|1|1.4|0.14|0.17|0.2|||||30.4|||21.6|||46||6|7.5|8.9|45|55|65|25|32.5|40|12|20|31|".17"|".17"|0|0|0|0|0|0|0|0|0|0|0|0|35|42.5|50||||32|42|50|6.6|7.5|8.4|||||||||||||||||||||||||||||||||"21852183"|"64442434"
"Bg1"||"B"||1||13|||43|||30||0|0|0|0|0|0|100|100|100|100|100|100|95|97.5|100|85|90|95|15|26.1|35|0|1.7|2|0|2.2|5|2|5|10|5|9.4|20|5|7.8|20|8.9|28.9|48.9|||||||35|45|55||||0.5|0.75|1||||1.15|1.33|1.5|||||1.65|||0.01|0.21|0.42|0.14|0.17|0.2|||||39.4|||24.7|||47||9|17|25|52|61|70|30|37|44|27|37|48|".28"|".28"|0|0|0|0|0|0|0|0|0|0|0|0|35|42.5|50||||14|29|43|6.1|7.3|8.4|||||||||||||||||||||||||||||||||"21852183"|"64442435"
"Bg2"||"B"||2||43|||115|||72||0|0|0|0|0|0|100|100|100|100|100|100|95|97.5|100|85|90|95|15|26.1|35|0|1.7|2|0|2.2|5|2|5|10|5|9.4|20|5|7.8|20|8.9|28.9|48.9|||||||35|45|55||||0.5|0.75|1||||1.15|1.33|1.5|||||1.65|||0.01|0.21|0.42|0.14|0.17|0.2|||||39.4|||24.7|||47||9|17|25|52|61|70|30|37|44|27|37|48|".28"|".28"|0|0|0|0|0|0|0|0|0|0|0|0|35|42.5|50||||31|41|50|6.1|7.3|8.4|||||||||||||||||||||||||||||||||"21852183"|"64442436"
"Bg"||"B"|||10|13|25|20|41|55|10|28|45|0|0|0|0|0|0|100|100|100|100|100|100|96|100|100|93|99|100|0.5|1.8|3|0|0.1|0.2|0|0.1|0.2|0|0.2|1|0|0.6|2|0.5|0.8|2|42|50.7|59.5|||||||40|47.5|55|0|0|0|0.75|1|1.25||||1.22|1.28|1.34||||1.53|1.59|1.65|2.56|1.4|2.7|4|0.14|0.17|0.2||||30.6|33.3|35.6|22|26.9|31.7|46|48|50|6.8|8.6|10.5|52|61|71|29|34|40|27|35|45|".32"|".32"|0|0|0|0|0|0|0|0|0|0|0|2||||20|25.1|30.1|16.3|24.2|24.9|4.5|4.8|5||||||||||8.5|11.7|15.1|||||||||||||||||||||"21852149"|"64442330"
"Bssg"||"B"|||20|41|55|61|94|157|41|53|102|0|0|0|0|0|0|100|100|100|100|100|100|94|100|100|90|99|100|0.5|1.8|3|0|0.2|0.5|0|0.2|0.5|0|0.3|1|0|0.5|2|0|0.6|1|17|38.2|44.5|||||||55|60|80|0|0|0|0.5|0.75|1||||1.16|1.3|1.44||||1.79|1.86|1.93|2.55|0.01|0.21|0.42|0.12|0.15|0.2||||39|42.8|45.8|29.4|32.3|42.9|41|47|52|10.4|12.5|17.2|66|72|92|40|44|60|34|49|67|".24"|".24"|0|0|0|0|0|0|0|0|0|0|0|2||||29.6|38|47.2|23.5|36.8|40.1|4.5|5|5.5||||||||||9.4|12.8|16.2|||||||||||||||||||||"21852149"|"64442331"
"Ap"||"A"|||0|0|0|10|13|25|10|13|25|0|0|0|0|0|0|100|100|100|100|100|100|96|100|100|93|99|100|0.5|1.8|3|0|0.1|0.2|0|0.1|0.2|0|0.2|1|0|0.6|2|0.5|0.8|2|42|50.7|59.5|||||||40|47.5|55|0|0|0|1|2|3||||1.33|1.38|1.43||||1.66|1.71|1.78|2.55|1.4|2.7|4|0.14|0.16|0.2||||31|33.7|36.1|22.6|27.8|32.8|42|44|46|7.3|9.4|11.6|52|62|71|29|35|40|27|35|45|".32"|".32"|0|0|0|0|0|0|0|0|0|0|0|2|30.1|35.7|41||||26.7|34.6|40.7|5.1|5.8|6||||||||||7.9|9.4|12.6|||||||||||||||||||||"21852149"|"64442332"
"Cg"||"C"|||71|142|190|122|152|200|10|10|100|0|0|0|0|0|0|100|100|100|100|100|100|96|99|100|89|94|100|0|8.3|10|0|0.3|0.5|0|0.5|1|0|0.9|2|1|2.6|5|1|4|8|40|50.7|60|||||||40|41|50|0|0|0|0|0.25|0.5||||1.32|1.4|1.49||||1.63|1.73|1.8|2.58|0.42|1|1.4|0.14|0.17|0.2||||25.9|30.9|33.6|14.5|22.4|27.5|41|45|49|5|7.3|9.7|49|52|61|29|30|37|12|27|40|".37"|".37"|0|0|0|0|0|0|0|0|0|0|0|2|18.8|29.4|35.6||||18.8|29.3|37.1|5.1|6.5|7.8||||||||||0.3|5.7|11.2|||||||||||||||||||||"21852149"|"64442333"
"BCg"||"BC"|||61|94|157|71|142|190|10|48|64|0|0|0|0|0|0|100|100|100|100|100|100|94|100|100|90|99|100|0.5|1.8|3|0|0.2|0.5|0|0.2|0.5|0|0.3|1|0|0.5|2|0|0.6|1|17|38.2|44.5|||||||55|60|80|0|0|0|0.5|0.75|1||||1.16|1.3|1.44||||1.71|1.85|1.86|2.55|0.01|0.21|0.42|0.12|0.15|0.2||||39|42.8|45.8|29.4|32.3|42.9|41|47|52|10.4|12.5|17.2|66|72|92|40|44|60|34|49|67|".24"|".24"|0|0|0|0|0|0|0|0|0|0|0|2||||29.6|38|47.2|23.5|36.8|40.1|4.5|5|5.5||||||||||9.4|12.8|16.2|||||||||||||||||||||"21852149"|"64442334"
"Btg1"||"B"||1|20|38|41|25|56|92|0|18|72|0|0|0|0|0|0|100|100|100|100|100|100|95|97.5|100|85|92.5|100|0|7.7|20|0|0.2|1|0|0.5|1|0|0.9|5|1|2.4|20|2|3.7|15|40|49.8|60|||||||40|42.5|60|0|0|0|0.1|0.4|0.7||||1.38|1.41|1.44||||1.72|1.75|1.82||0.01|0.21|0.42|0.19|0.2|0.21||||28.9|31.5|33.7|19|23.5|27.8|43|44|45|6.4|7.7|11.6|50|53|70|29|31|44|17|28|40|".37"|".37"|0|0|0|0|0|0|0|0|0|0|0|0||||17.6|23.5|32.6|10|21.2|30.6|4.5|5|6||||||||||5.6|11.1|17.1|||||||||||||||||||||"21852148"|"64442324"
"Btg2"||"B"||2|25|56|92|61|82|132|0|26|91|0|0|0|0|0|0|100|100|100|100|100|100|95|97.5|100|85|92.5|100|0|7.7|20|0|0.2|1|0|0.5|1|0|0.9|5|1|2.4|20|2|3.7|15|40|49.8|60|||||||40|42.5|60|0|0|0|0.1|0.4|5||||1.26|1.34|1.42||||1.58|1.66|1.73||0.01|0.21|0.42|0.19|0.2|0.21||||28.7|31.2|35.7|18.7|23|32|44|47|50|6.4|7.7|11.6|50|53|79|29|31|43|17|28|40|".37"|".37"|0|0|0|0|0|0|0|0|0|0|0|0||||17.6|23.5|32.6|8.8|21.2|29.2|4.5|5|6||||||||||5.6|11.1|23|||||||||||||||||||||"21852148"|"64442325"
"Btg3"||"B"||3|61|82|132|76|102|172|0|20|111|0|0|0|0|0|0|100|100|100|100|100|100|95|97.5|100|85|92.5|100|0|17.5|20|0|1.3|2|0|1.9|5|0|2.7|5|1|5.5|20|2|6.1|20|40|43.5|72|||||||28|39|40|0|0|0|0|0.25|0.5||||1.47|1.48|1.5||||1.68|1.69|1.76||0.42|1|1.4|0.2|0.21|0.22||||30.4|34.8|39.3|16|23.4|33.1|41|42|42|3.2|6.8|8.8|37|50|54|19|28|29|15|26|40|".32"|".32"|0|0|0|0|0|0|0|0|0|0|0|0|18.8|28.1|38.7||||8.9|26.7|38.3|4.5|6|7||||||||||2.9|7.9|14.6|||||||||||||||||||||"21852148"|"64442326"
"BCg"||"BC"|||76|102|172|153|183|200|0|81|124|0|0|0|0|0|0|100|100|100|100|100|100|95|97.5|100|85|92.5|100|5|17.5|20|0|1.3|2|0|1.9|5|0|2.7|5|1|5.5|20|2|6.1|20|40|43.5|68|||||||27|39|55|0|0|0|0|0.25|0.5||||1.37|1.43|1.49||||1.57|1.63|1.7||0.42|1|1.4|0.2|0.21|0.22||||30.1|34.4|38.9|15.4|22.6|32|41|44|46|3.1|6.8|11.1|37|50|66|19|28|41|15|26|40|".32"|".32"|0|0|0|0|0|0|0|0|0|0|0|0|18.8|28.1|38.7||||8.9|26.7|38.3|4.5|6|7||||||||||2.9|7.9|14.6|||||||||||||||||||||"21852148"|"64442327"
"Ap"||"A"|||0|0|0|10|15|20|0|15|20|0|0|0|0|0|0|100|100|100|100|100|100|95|97.5|100|80|90|100|20|27.1|35|0|2.2|3|1|3.1|5|1|4.4|10|5|8.5|20|5|8.9|20|38|54.4|70|||||||10|18.5|27|0|0|0|0.5|1.25|2||||1.42|1.44|1.47||||1.49|1.51|1.57||1.4|2.7|4|0.2|0.22|0.23||||22.1|27.8|31.8|6.5|12.3|18.1|41|43|43|0.8|2|3.5|22|31|41|6|12|19|0|2|9|".49"|".49"|0|0|0|0|0|0|0|0|0|0|0|0|8.9|15.6|21.9||||5|13.7|21.8|5|6|7||||||||||1.2|6|10.7|||||||||||||||||||||"21852148"|"64442328"
"Eg"||"E"|||10|15|20|20|38|41|0|23|31|0|0|0|0|0|0|100|100|100|100|100|100|95|97.5|100|80|90|100|20|27.1|35|0|2.2|3|1|3.1|5|1|4.4|10|5|8.5|20|5|8.9|20|38|54.4|70|||||||10|18.5|27|0|0|0|0.1|0.5|1||||1.37|1.44|1.51||||1.44|1.51|1.57||1.4|2.7|4|0.2|0.22|0.23||||21.4|26.9|31|5.9|11.3|16.8|41|43|46|0.3|1.3|3.7|21|29|39|6|12|19|0|2|9|".55"|".55"|0|0|0|0|0|0|0|0|0|0|0|0||||2.7|9.6|20.6|3.7|7.2|13.7|4.5|5|6||||||||||0|6.7|11.3|||||||||||||||||||||"21852148"|"64442329"
"Ap"||"A"|||0|0|0|10|13|20|10|13|22|0|0|0|0|0|0|100|100|100|100|100|100|95|97.5|100|85|90|95|0|1.8|10|0|0|1|0|0|1|0|0.1|1|0|0.5|2|0|1.2|2|40|53.2|60|||||||40|45|50|0|0|0|1|2|3||||1.34|1.38|1.41||||1.66|1.69|1.73||0.01|0.21|0.42|0.14|0.17|0.2||||31|33|34.9|22.6|26.4|30.2|43|44|46|5.7|7.2|8.6|51|58|65|29|32|36|26|32|40|".32"|".32"|0|0|0|0|0|0|0|0|0|0|0|0|22.1|26.6|30.6||||14|29|43|5.1|6.2|7.3||||||||||6.1|14.2|22.1|||||||||||||||||||||"21852147"|"64442318"
"BCg"||"BC"|||64|115|160|91|140|177|10|25|38|0|0|0|0|0|0|100|100|100|100|100|100|95|97.5|100|85|90|95|0|26.1|30|0|1.7|2|0|2.2|5|2|5|10|5|9.4|20|5|7.8|20|15|28.9|65|||||||35|45|55|0|0|0|0.5|0.75|1||||1.35|1.38|1.42||||1.62|1.69|1.76||0.01|0.21|0.42|0.14|0.17|0.2||||29.1|38.4|40.2|19.4|25|30.6|44|45|46|4.5|6.5|8.8|45|55|65|25|32|40|21|31|43|".28"|".28"|0|0|0|0|0|0|0|0|0|0|0|0|18.1|23.3|28.5||||31|41|50|6.1|7.3|8.4||||||||||0|6.6|15.3|||||||||||||||||||||"21852147"|"64442319"
"Cg1"||"C"||1|91|140|177|106|161|200|15|21|25|0|0|0|0|0|0|100|100|100|100|100|100|85|90|95|60|67.5|75|10|51.8|55|0|5.6|7|2|8.3|10|5|12.6|20|10|16.3|40|5|9|35|0|8.2|55|||||||35|40|45|0|0|0|0|0.25|0.5||||1.36|1.49|1.62||||1.72|1.85|1.92||0.42|1|1.4|0.14|0.17|0.2||||27.2|30.8|33.8|16.5|22.3|28.1|37|41|46|2.9|4.9|6.6|43|49|55|25|28|32|9|17|27|".17"|".17"|0|1|3|0|0|0|0|0|0|0|0|0|10.2|18.3|24||||32|42|50|6.6|7.5|8.4||||||||||0|2.9|10.3|||||||||||||||||||||"21852147"|"64442320"
"Cg2"||"C"||2|106|161|200|116|183|200|15|22|25|0|0|0|0|0|0|100|100|100|100|100|100|85|90|95|60|67.5|75|10|51.8|55|0|5.6|7|2|8.3|10|5|12.6|20|10|16.3|40|5|9|35|0|8.2|55|||||||35|40|45|0|0|0|0|0.25|0.5||||1.36|1.49|1.62||||1.72|1.85|1.92||0.42|1|1.4|0.14|0.17|0.2||||27.2|30.8|33.8|16.5|22.3|28.1|37|41|46|2.9|4.9|6.6|43|49|55|25|28|32|9|17|27|".17"|".17"|0|1|3|0|0|0|0|0|0|0|0|0|10.2|18.3|24||||32|42|50|6.6|7.5|8.4||||||||||0|2.9|10.3|||||||||||||||||||||"21852147"|"64442321"
"Bg1"||"B"||1|10|13|20|37|43|90|27|30|70|0|0|0|0|0|0|100|100|100|100|100|100|95|97.5|100|85|90|95|0|26.1|30|0|1.7|2|0|2.2|5|2|5|10|5|9.4|20|5|7.8|20|15|28.9|65|||||||35|45|55|0|0|0|0.5|0.75|1||||1.35|1.38|1.42||||1.62|1.69|1.76||0.01|0.21|0.42|0.14|0.17|0.2||||29.1|38.4|40.2|19.4|25|30.6|44|45|46|4.5|6.5|8.8|45|55|65|25|32|40|21|31|43|".28"|".28"|0|0|0|0|0|0|0|0|0|0|0|0|18.1|23.3|28.5||||14|29|43|6.1|7.3|8.4||||||||||0|6.6|15.3|||||||||||||||||||||"21852147"|"64442322"
"Bg2"||"B"||2|37|43|90|64|115|160|0|72|140|0|0|0|0|0|0|100|100|100|100|100|100|95|97.5|100|85|90|95|0|26.1|30|0|1.7|2|0|2.2|5|2|5|10|5|9.4|20|5|7.8|20|15|28.9|65|||||||35|45|55|0|0|0|0.5|0.75|1||||1.35|1.38|1.42||||1.62|1.69|1.76||0.01|0.21|0.42|0.14|0.17|0.2||||29.1|38.4|40.2|19.4|25|30.6|44|45|46|4.5|6.5|8.8|45|55|65|25|32|40|21|31|43|".28"|".28"|0|0|0|0|0|0|0|0|0|0|0|0|18.1|23.3|28.5||||31|41|50|6.1|7.3|8.4||||||||||0|6.6|15.3|||||||||||||||||||||"21852147"|"64442323"
"Ap"||"A"|||0|0|0|10|15|20||15||0|0|0|0|0|0|100|100|100|100|100|100|93|99|100|78|87|95|12|20.7|32|0|0.1|0.1|0.2|0.4|0.6|0.6|1.2|1.9|3.4|5.7|8.8|7.8|13.3|20.6|50|67.3|80|||||||8|12|18|0|0|0|0.5|1.25|2||||1.47|1.48|1.49||||1.5|1.51|1.53|2.64|4|9|14|0.2|0.21|0.22||||20.8|24.7|28.6|5.5|8.9|13.4|41|42|42|0.4|0.6|1.1|20|25|32|4|7|12|0|4|11|".49"|".49"|0|0|0|0|0|0|0|0|0|0|1|2||||1.9|3.2|5.7|1.2|1.7|5.7|4.5|5|5.5||||||||||3.4|5.9|8.7|||||||||||||||||||||"21852133"|"64442284"
"C"||"C"|||10|15|20|40|58|75||43||0|0|0|0|0|0|100|100|100|100|100|100|93|99|100|78|87|95|12|20.7|32|0|0.1|0.1|0.2|0.4|0.6|0.6|1.2|1.9|3.4|5.7|8.8|7.8|13.3|20.6|50|67.3|80|||||||8|12|18|0|0|0|0.5|0.75|1||||1.38|1.42|1.47||||1.41|1.45|1.5|2.65|4|9|14|0.2|0.21|0.22||||20.5|23.6|27.1|5.2|7.8|11.5|42|44|46|0.4|0.7|1.1|20|24|30|4|7|12|0|4|10|".55"|".55"|0|0|0|0|0|0|0|0|0|0|1|2||||2.1|3.4|5.7|2.1|3.1|3.4|4.5|5|5.5||||||||||3.4|5.1|7.1|||||||||||||||||||||"21852133"|"64442285"
"Cg"||"C"|||40|58|75|122|183|200||125||0|0|0|0|0|0|100|100|100|100|100|100|92|99|100|82|92|100|8|11.6|20|0.1|0.2|0.3|0.2|0.4|0.8|0.5|0.9|1.6|1.8|3.4|5.8|3.4|6.7|11.5|48|69.4|80|||||||12|19|32|0|0|0|0.25|0.5|0.75||||1.4|1.44|1.49||||1.45|1.49|1.56|2.66|0.42|7|14|0.14|0.18|0.22||||23|27.2|32.6|7.3|11.6|19.4|42|44|45|0.7|1.2|2.8|23|30|42|7|13|22|3|10|23|".49"|".49"|0|0|0|0|0|0|0|0|0|0|1|2||||3.4|6.1|12|3.4|4.5|6.7|4.5|5|5.5||||||||||3.6|5.7|8.8|||||||||||||||||||||"21852133"|"64442286"
"Ap"||"A"|||0|0|0|8|15|25|8|15|25|0|0|0|0|0|0|100|100|100|100|100|100|94|99|100|86|91|99|8|13.6|25|0.1|0.1|0.3|0.2|0.4|0.7|0.6|1|1.8|2.3|3.9|7.2|4.8|8.2|15|50|68.9|80|||||||12|17.5|25|0|0|1|0.5|1.2|2||||1.43|1.44|1.46||||1.49|1.5|1.54|2.65|4|9|14|0.14|0.17|0.2||||23.4|27.2|31.1|7.6|11.7|17|43|43|44|0.8|1.4|2.3|23|30|39|7|11|17|3|9|18|".49"|".49"|0|0|1|0|0|0|0|0|0|0|1|2|6.4|9.4|13||||2.3|6.2|52|4.5|5.5|6.5||||||||||2.1|6.1|10.3|||||||||||||||||||||"21852132"|"64442280"
"Eg"||"E"|||8|15|25|30|38|43|5|23|35|0|0|0|0|0|0|100|100|100|100|100|100|98|99|100|90|91|96|8|14.3|25|0.1|0.1|0.1|0.2|0.4|0.7|0.6|1|1.8|2.3|4.1|7.2|4.9|8.7|15.2|57|72.7|80|||||||12|13|18|0|0|1|0.5|0.75|1||||1.48|1.48|1.49||||1.52|1.52|1.54|2.65|4|9|14|0.14|0.17|0.2||||23.6|24.6|27.5|7.8|8.7|12|42|42|42|0.8|1|1.4|23|25|30|7|8|12|4|5|10|".64"|".64"|0|0|1|0|0|0|0|0|0|0|1|2|6.4|7|9.1||||2|4.1|48.1|4.5|5.5|6.5||||||||||2.1|5.4|8.9|||||||||||||||||||||"21852132"|"64442281"
"Btg"||"B"|||30|38|43|64|142|185|21|104|155|0|0|0|0|0|0|100|100|100|100|100|100|89|99|100|84|94|100|2|7.3|35|0.1|0.4|1.9|0.2|0.6|2.9|0.3|1|4.8|0.6|2.3|11|0.8|3|14.4|38.9|64.7|80|||||||18|28|35|0|0|1|0.5|0.75|1||||1.39|1.44|1.5||||1.51|1.56|1.61|2.67|0.42|1|1.4|0.14|0.17|0.2||||26.7|31.1|33.7|11|17.1|21.4|42|44|46|1.4|2.8|3.8|29|39|46|11|19|25|7|18|27|".49"|".49"|0|0|1|0|0|0|0|0|0|0|1|2|9.6|14.9|18.1||||3|11.8|57.1|4.5|5.5|6.5||||||||||2.8|7|10.7|||||||||||||||||||||"21852132"|"64442282"
"BCg"||"BC"|||64|142|185|203|203|203|18|61|139|0|0|0|0|0|0|100|100|100|100|100|100|89|98|100|67|76|85|6.1|36.9|42|0.1|0.2|0.2|0.1|1|1.2|0.5|2.6|3|1.8|10.6|12.1|3.6|22.5|25.5|28|42.1|80|||||||12|21|30|0|0|1|0|0.25|0.5||||1.47|1.48|1.5||||1.55|1.56|1.62|2.67|1.4|7.5|14|0.1|0.15|0.2||||22.9|28.1|32|7.1|12.8|18.4|42|42|43|0.8|1.8|3|22|31|40|7|14|21|1|8|17|".49"|".49"|0|0|1|0|0|0|0|0|0|0|1|2|6.1|11|15.3||||3.8|10.1|54.3|5.1|6.5|7.8||||||||||0|2.9|8.1|||||||||||||||||||||"21852132"|"64442283"
"Ap"||"A"|||0|0|0|10|18|30|10|18|30|0|0|0|0|0|0|100|100|100|100|100|100|92|99|100|81|92|100|1|11.7|23|0|0.2|0.4|0|0.4|0.8|0.1|0.9|1.7|0.3|3.5|6.9|0.6|6.7|13.2|50|69.8|87|||||||12|18.5|27|0|0|0|0.5|1.25|2||||1.45|1.47|1.49||||1.52|1.54|1.59|2.65|4|9|14|0.15|0.18|0.2||||23.6|28|32|7.8|12.6|18.5|42|42|43|0.9|1.5|2.7|24|31|41|7|12|18|3|10|20|".43"|".43"|0|0|0|0|0|0|0|0|0|0|1|2|6.4|10|14.6||||2.6|7.2|12.6|5|5.5|6||||||||||3.6|6.3|9.2|||||||||||||||||||||"21852131"|"64442274"
"Btg1"||"B"||1|15|41|45|41|79|96|25|38|51|0|0|0|0|0|0|100|100|100|100|100|100|92|100|100|83|96|100|0.5|6.8|28|0|0|0|0|0|0.1|0|0.2|0.8|0.1|1.9|7.8|0.4|4.7|19.3|40|67.2|81.5|||||||18|26|32|0|0|0|0.5|0.75|1||||1.39|1.42|1.45||||1.47|1.5|1.54|2.66|1.4|2.7|4|0.15|0.18|0.2||||26.6|30.2|32.6|10.9|15.7|19.4|43|44|45|1|1.8|2.7|29|37|43|12|18|22|8|17|24|".49"|".49"|0|0|0|0|0|0|0|0|0|0|1|2||||5.3|8.3|11.1|3.1|7.9|9.5|4.5|5.3|6||||||||||2|7.1|12.2|||||||||||||||||||||"21852131"|"64442275"
"Btg2"||"B"||2|41|79|96|66|105|147|25|26|106|0|0|0|0|0|0|100|100|100|100|100|100|91|99|100|82|94|100|0.5|7.3|26|0|0.4|1.4|0|0.6|2.1|0.1|1|3.6|0.2|2.3|8.2|0.2|3|10.7|40|64.7|81.5|||||||18|28|34|0|0|0|0.5|0.75|1||||1.39|1.43|1.47||||1.48|1.52|1.56|2.67|1.4|2.7|4|0.15|0.18|0.2||||26.6|31.1|33.3|11|17|20.7|43|44|46|1|2|3|29|38|45|12|19|24|8|18|26|".49"|".49"|0|0|0|0|0|0|0|0|0|0|1|2||||5.3|9|11.9|3.1|8.5|9.6|4.5|5.3|6||||||||||2|7.4|12.6|||||||||||||||||||||"21852131"|"64442276"
"BCg"||"BC"|||66|105|147|91|151|163|25|46|77|0|0|0|0|0|0|100|100|100|100|100|100|93|99|100|84|92|100|20|25|52|0|0|0|1.6|2|4.2|2.4|3|6.2|9.6|12|25|6.4|8|16.6|28|55|75|||||||5|20|28|0|0|0|0|0.25|0.5||||1.53|1.54|1.56||||1.61|1.62|1.67|2.67|4|9|14|0.15|0.18|0.2||||17|28|31.7|3.1|12.7|17.9|39|40|41|0.3|1.7|2.8|16|30|38|2|13|19|0|10|20|".49"|".49"|0|0|0|0|0|0|0|0|0|0|1|2|2.6|10.5|14.8||||0.6|7.9|14.8|4.5|5.9|7.3||||||||||0|4.6|9.7|||||||||||||||||||||"21852131"|"64442277"
"Cg"||"C"|||91|151|163|183|183|200|20|32|109|0|0|0|0|0|0|100|100|100|100|100|100|93|99|100|84|92|100|20|25|52|0|0|0|1.6|2|4.2|2.4|3|6.2|9.6|12|25|6.4|8|16.6|30|65|75|||||||5|10|25|0|0|0|0|0.25|0.5||||1.39|1.46|1.52||||1.42|1.49|1.57|2.66|4|9|14|0.15|0.18|0.2||||16.7|21.8|29.9|2.9|6.2|15.3|41|43|45|0.3|0.7|2.4|16|21|36|2|6|17|0|2|17|".55"|".55"|0|0|0|0|0|0|0|0|0|0|1|2|2.6|5.3|13.2||||1.3|4.3|13.2|4.5|5.9|7.3||||||||||0|3.5|9.4|||||||||||||||||||||"21852131"|"64442278"
"BAg"||"BA"|||10|18|30|15|41|45|15|23|31|0|0|0|0|0|0|100|100|100|100|100|100|92|100|100|84|96|100|0.5|6.8|30|0|0|0|0|0|0.1|0|0.2|0.8|0.1|1.9|8.4|0.4|4.7|20.7|43|67.2|81.5|||||||18|26|27|0|0|0|0.5|0.75|1||||1.31|1.35|1.39||||1.38|1.42|1.43|2.66|1.4|2.7|4|0.15|0.18|0.2||||26.1|29.7|30.3|10.3|14.9|15.8|45|47|48|1|1.8|2|29|37|38|12|17|18|8|16|19|".49"|".49"|0|0|0|0|0|0|0|0|0|0|1|2||||5.3|8.3|9.1|3.3|7.9|9.1|4.5|5.3|6||||||||||2|7.1|11.3|||||||||||||||||||||"21852131"|"64442279"
"BC"||"BC"||||94|||136|||42||0|0|0|0|0|0|100|100|100|100|100|100|85|90|95|55|72.5|90|30|41|||0|||0.1|||0.6|||7.3|||33|||41.5||||||||10|17.5|25||||0|0.25|0.5||||1.4|1.45|1.5|||||1.52|||14|28|42|0.16|0.18|0.2|||||26.2|||10.5|||43||0|1.5|2.9|20|27.5|45|3|8.5|14|0|4|15|".49"|".49"|0|0|0|0|0|0|0|0|0|0|0|0||||4|6|8||||4.5|5.3|6|||||||||||||||||||||||||||||||||"21852129"|"64442263"
"BE"||"BE"||||20|||41|||21||0|0|0|0|0|0|100|100|100|100|100|100|100|100|100|85|92.5|100|0.5|6.7|35||0|||0|||0.2|||1.8|||4.7|||67.3||||||||20|26|35||||0.5|0.75|1||||1.45|1.5|1.55|||||1.62|||4|9|14|0.18|0.2|0.22|||||30.8|||16.6|||41||1.5|2.5|3.5|20|35|45|15|20|25|8|17|27|".49"|".49"|0|0|0|0|0|0|0|0|0|0|0|0||||5|8.5|12||||4.5|5.3|6|||||||||||||||||||||||||||||||||"21852129"|"64442264"
"Bt1"||"B"||1||41|||69|||28||0|0|0|0|0|0|100|100|100|100|100|100|100|100|100|85|92.5|100|0.5|6.7|35||0|||0|||0.2|||1.8|||4.7|||67.3||||||||20|26|35||||0.5|0.75|1||||1.45|1.5|1.55|||||1.62|||4|9|14|0.18|0.2|0.22|||||30.8|||16.6|||41||1.5|2.5|3.5|20|35|45|15|20|25|8|17|27|".49"|".49"|0|0|0|0|0|0|0|0|0|0|0|0||||5|8.5|12||||4.5|5.3|6|||||||||||||||||||||||||||||||||"21852129"|"64442265"
"Ap"||"A"||||0|||20|||20||0|0|0|0|0|0|100|100|100|100|100|100|100|100|100|60|75|90|50|60.7|||0.3|||1|||3.6|||19.5|||36.3|||27.8||||||||5|11.5|18||||0.5|1.25|2||||1.4|1.45|1.5|||||1.52|||4|9|14|0.2|0.21|0.22|||||19.1|||9.4|||42||0|1.5|2.9|20|27.5|35|3|6.5|10|0|3|9|".43"|".43"|0|0|0|0|0|0|0|0|0|0|0|0|2|6|10|||||||5|5.5|6|||||||||||||||||||||||||||||||||"21852129"|"64442266"
"C"||"C"||||136|||183|||47||0|0|0|0|0|0|100|100|100|100|100|100|85|90|95|40|60|80|30|68.1|||0|||2.4|||14.7|||34.1|||16.9|||14.4||||||||10|17.5|25||||0|0.25|0.5||||1.4|1.45|1.5|||||1.52|||14|28|42|0.16|0.18|0.2|||||21.1|||11.8|||43||0|1.5|2.9|20|27.5|35|3|8.5|14|0|2|10|".24"|".24"|0|0|0|0|0|0|0|0|0|0|0|0||||4|6|8||||4.5|5.3|6|||||||||||||||||||||||||||||||||"21852129"|"64442267"
"Bt2"||"B"||2||69|||94|||25||0|0|0|0|0|0|100|100|100|100|100|100|100|100|100|85|92.5|100|0.5|6.7|35||0|||0|||0.2|||1.8|||4.7|||67.3||||||||20|26|35||||0|0.25|0.5||||1.45|1.5|1.55|||||1.62|||4|9|14|0.18|0.2|0.22|||||30.4|||15.9|||41||1.5|2.5|3.5|20|35|45|15|20|25|8|17|27|".49"|".49"|0|0|0|0|0|0|0|0|0|0|0|0||||5|8.5|12||||4.5|5.3|6|||||||||||||||||||||||||||||||||"21852129"|"64442268"
"Ap"||"A"|||0|0|0|10|15|23|10|15|23|0|0|0|0|0|0|100|100|100|100|100|100|93|99|100|86|92|99|1|11.4|20|0|0.1|0.2|0|0.4|0.7|0.1|0.9|1.6|0.3|3.4|5.9|0.6|6.6|11.6|53|68.1|85|||||||14|20.5|27||||0.5|1.25|2|||||1.43||||||1.52|1.57||4|9|14|0.16|0.2|0.24|||||28.6|31.4|8.7|13.4|18||43||1.2|2.1|3.1|25|33|41|9|14|19|5|12|20|".49"|".49"|0|0|0|0|0|0|0|0|0|0|0|0|8.7|13.4|17.7||||3.3|13.3|19.2|6.1|7|7.8||||||||||0|3.4|10.3|||||||||||||||||||||"21852171"|"64442401"
"Bg"||"B"|||10|15|23|86|97|109|63|82|99|0|0|0|0|0|0|100|100|100|100|100|100|83|99|100|78|94|100|0.5|8.6|25|0|0.1|0.3|0|0.3|0.9|0|0.7|2|0.2|2.5|7.3|0.3|5|14.5|36|66.4|85.5|||||||14|25|39||||0|0.25|0.5|||||1.42||||||1.53|1.62||0.42|1|1.4|0.16|0.2|0.24|||||31.3|34.4|8|17.4|22.8||44||0.9|2.6|4.4|24|35|49|9|17|28|4|15|31|".55"|".55"|0|3|5|0|0|0|0|0|0|0|0|0|5.6|14.6|19.7||||1.7|42.7|53|6.1|7.3|8.4||||||||||0|2.1|10.7|||||||||||||||||||||"21852171"|"64442402"
"Cg"||"C"|||86|97|109|203|203|203|94|106|117|0|0|0|0|0|0|100|100|100|100|100|100|83|99|100|78|94|100|0.5|8.6|25|0|0.1|0.3|0|0.3|0.9|0|0.7|2|0.2|2.5|7.3|0.3|5|14.5|36|66.4|85.5|||||||14|25|39||||0|0.25|0.5|||||1.36||||||1.47|1.55||0.42|1|1.4|0.16|0.2|0.24|||||30.8|33.9|7.6|16.6|21.8||46||0.9|2.6|4.4|24|35|49|9|17|28|4|15|31|".55"|".55"|0|3|5|0|0|0|0|0|0|0|0|0|5.6|14.6|19.7||||1.8|42.7|53|6.1|7.3|8.4||||||||||0|2.1|10.7|||||||||||||||||||||"21852171"|"64442403"
"2C"|2|"C"||||128|||183|||55||0|0|0|0|3|5|30|50|70|20|40|60|15|35|55|10|30|50|5|32.2|||0|||0.2|||0.9|||7.2|||23.9|||42.8||||||||15|25|35||||0|0.25|0.5||||1.2|1.33|1.45|||||1.44|||14|78|141|0.05|0.09|0.12|||||16|||7.6|||26||0|1.5|2.9|10|24|38|5|12.5|20|0|0|6|".15"|".43"|0|0|0|0|0|0|0|0|0|0|0|0||||4.6|9|18.1|0|2.5|5|4.5|5|5.5|||||||||||||||||||||||||||||||||"21852162"|"64442371"
"Bt2"||"B"||2||54|||90|||36||0|0|0|0|0|0|95|97.5|100|90|95|100|85|92.5|100|75|87.5|100|0.5|7.3|||0.4|||0.6|||1|||2.3|||3|||64.7||||||||18|28|35||||0.5|0.75|1||||1.2|1.33|1.45|||||1.39|||4|9|14|0.18|0.21|0.23|||||29.5|||15.4|||46||0|1.5|2.9|35|41.5|48|15|20|25|10|18|28|".43"|".43"|0|0|0|0|0|0|0|0|0|0|0|0||||5.3|9|12.3|0|2.5|5|4.5|5|5.5|||||||||||||||||||||||||||||||||"21852162"|"64442372"
"BC"||"BC"||||90|||128|||38||0|0|0|0|0|0|95|97.5|100|90|95|100|85|92.5|100|75|87.5|100|0.5|6.8|10||0|||0|||0.2|||1.9|||4.7|||67.2||||||||18|26|35||||0.5|0.75|1||||1.2|1.33|1.45|||||1.39|||4|9|14|0.18|0.21|0.23|||||28.8|||14.3|||46||0|1.5|2.9|35|41.5|48|15|20|25|10|18|28|".49"|".49"|0|0|0|0|0|0|0|0|0|0|0|0||||5.3|8.3|12.3|0|2.5|5|4.5|5|5.5|||||||||||||||||||||||||||||||||"21852162"|"64442373"
"BE"||"BE"||||8|||23|||15||0|0|0|0|0|0|100|100|100|95|97.5|100|90|95|100|85|92.5|100|1|11.6|||0.2|||0.4|||0.9|||3.4|||6.7|||68.9||||||||12|19.5|27||||0.75|1.5|2||||1.2|1.3|1.4|||||1.36|||4|9|14|0.18|0.21|0.23|||||27.1|||11.8|||47||0|1.5|2.9|15|22.5|30|0|5|10|0|2|9|".49"|".49"|0|0|0|0|0|0|0|0|0|0|0|0||||3.1|5.5|8.7|0|2.5|5|4.5|5|5.5|||||||||||||||||||||||||||||||||"21852162"|"64442374"
"Bt1"||"B"||1||23|||54|||31||0|0|0|0|0|0|95|97.5|100|90|95|100|85|92.5|100|75|87.5|100|0.5|7.3|||0.4|||0.6|||1|||2.3|||3|||64.7||||||||18|28|35||||0.5|0.75|1||||1.2|1.33|1.45|||||1.39|||4|9|14|0.18|0.21|0.23|||||29.5|||15.4|||46||0|1.5|2.9|35|41.5|48|15|20|25|10|18|28|".43"|".43"|0|0|0|0|0|0|0|0|0|0|0|0||||5.3|9|12.3|0|2.5|5|4.5|5|5.5|||||||||||||||||||||||||||||||||"21852162"|"64442375"
"A"||"A"||||0|||8|||8||0|0|0|0|0|0|100|100|100|95|97.5|100|90|95|100|85|92.5|100|1|11.6|||0.2|||0.4|||0.9|||3.4|||6.7|||68.9||||||||12|19.5|27||||1|2|3||||1.2|1.3|1.4|||||1.36|||4|9|14|0.18|0.21|0.23|||||27.6|||12.4|||47||0|1.5|2.9|15|22.5|30|0|5|10|0|2|9|".37"|".37"|0|0|0|0|0|0|0|0|0|0|0|0|5|10|15||||0|2.5|5|4.5|5.5|6|||||||||||||||||||||||||||||||||"21852162"|"64442376"
"A"||"A"||||0|||6|||6||0|0|0|0|3|5|50|65|80|50|62.5|75|40|55|70|20|35|50||67.3|||0.1|||3.1|||15.3|||32.3|||16.5|||20.2||||||||5|12.5|20||||1|1.5|2||||1.35|1.48|1.6|||||1.57|||14|28|42|0.07|0.12|0.17|||||14.7|||7.6|||30||0|1.5|2.9|15|20|25|0|2.5|5|0|0|0|".10"|".20"|0|0|0|0|0|0|0|0|0|0|0|0||||5|10|15|0|2.5|5|4.5|5|5.5|||||||||||||||||||||||||||||||||"21852160"|"64442366"
"C"||"C"||||104|||183|||79||0|0|0|0|5|10|25|40|55|25|37.5|50|20|35|50|12|26|40||85.1|||0.7|||10.8|||29|||34.5|||10.1|||2.9||||||||10|12|20||||0|0.25|0.5||||1.35|1.48|1.6|||||1.62|||14|78|141|0.06|0.09|0.12||11.5|||9|||4.2|||21||0|1.5|2.9|10|12|25|0|2.5|5|0|0|0|".02"|".10"|0|0|0|0|0|0|0|0|0|0|0|0||||10|15|20|0|2.5|5|4.5|5|5.5|||||||||||||||||||||||||||||||||"21852160"|"64442367"
"BC"||"BC"||||54|||104|||50||0|0|0|0|5|10|30|52.5|75|25|50|60|20|45|50|12|31|50||66.1|||0|||2.4|||14.2|||33.1|||16.4|||14.9||||||||10|19|30||||0.5|0.75|1||||1.35|1.48|1.6|||||1.59|||4|9|14|0.06|0.11|0.15|||||14|||8.5|||26||0|1.5|2.9|15|25|35|4|10|15|0|0|4|".10"|".24"|0|0|0|0|0|0|0|0|0|0|0|0||||5|12.5|20|0|2.5|5|4.5|5|5.5|||||||||||||||||||||||||||||||||"21852160"|"64442368"
"E"||"E"||||6|||25|||19||0|0|0|0|3|5|50|65|80|50|62.5|75|40|55|70|20|35|50||70.9|||0.1|||3.3|||16.1|||34|||17.4|||16.6||||||||5|12.5|20||||0.5|0.75|1||||1.35|1.48|1.6|||||1.57|||14|28|42|0.07|0.12|0.17|||||14|||6.9|||31||0|1.5|2.9|10|12|25|0|2.5|5|0|0|0|".15"|".28"|0|0|0|0|0|0|0|0|0|0|0|0||||5|10|15|0|2.5|5|4.5|5|5.5|||||||||||||||||||||||||||||||||"21852160"|"64442369"
"Bt"||"B"||||25|||54|||29||0|0|0|0|5|10|30|52.5|75|25|50|60|20|45|50|12|31|50||59.6|||4|||5.7|||14.3|||22.1|||13.5|||17.9||||||||10|22.5|35||||0.5|0.75|1||||1.35|1.48|1.6|||||1.59|||4|9|14|0.06|0.11|0.15|||||14.6|||9.3|||26||0|1.5|2.9|20|30|40|4|11|18|0|0|5|".10"|".24"|0|0|0|0|0|0|0|0|0|0|0|0||||5|12.5|20|0|2.5|5|4.5|5|5.5|||||||||||||||||||||||||||||||||"21852160"|"64442370"
"2C"|2|"C"||||128|||183|||55||0|0|0|0|3|5|30|50|70|20|40|60|15|35|55|10|30|50|5|32.2|||0|||0.2|||0.9|||7.2|||23.9|||42.8||||||||15|25|35||||0|0.25|0.5||||1.2|1.33|1.45|||||1.44|||14|78|141|0.05|0.09|0.12|||||16|||7.6|||26||0|1.5|2.9|10|24|38|5|12.5|20|0|0|6|".15"|".43"|0|0|0|0|0|0|0|0|0|0|0|0||||4.6|9|18.1|0|2.5|5|4.5|5|5.5|||||||||||||||||||||||||||||||||"21852127"|"64442257"
"Bt2"||"B"||2||54|||90|||36||0|0|0|0|0|0|95|97.5|100|90|95|100|85|92.5|100|75|87.5|100|0.5|7.3|||0.4|||0.6|||1|||2.3|||3|||64.7||||||||18|28|35||||0.5|0.75|1||||1.2|1.33|1.45|||||1.39|||4|9|14|0.18|0.21|0.23|||||29.5|||15.4|||46||0|1.5|2.9|35|41.5|48|15|20|25|10|18|28|".43"|".43"|0|0|0|0|0|0|0|0|0|0|0|0||||5.3|9|12.3|0|2.5|5|4.5|5|5.5|||||||||||||||||||||||||||||||||"21852127"|"64442258"
"BC"||"BC"||||90|||128|||38||0|0|0|0|0|0|95|97.5|100|90|95|100|85|92.5|100|75|87.5|100|0.5|6.8|10||0|||0|||0.2|||1.9|||4.7|||67.2||||||||18|26|35||||0.5|0.75|1||||1.2|1.33|1.45|||||1.39|||4|9|14|0.18|0.21|0.23|||||28.8|||14.3|||46||0|1.5|2.9|35|41.5|48|15|20|25|10|18|28|".49"|".49"|0|0|0|0|0|0|0|0|0|0|0|0||||5.3|8.3|12.3|0|2.5|5|4.5|5|5.5|||||||||||||||||||||||||||||||||"21852127"|"64442259"
"BE"||"BE"||||8|||23|||15||0|0|0|0|0|0|100|100|100|95|97.5|100|90|95|100|85|92.5|100|1|11.6|||0.2|||0.4|||0.9|||3.4|||6.7|||68.9||||||||12|19.5|27||||0.75|1.5|2||||1.2|1.3|1.4|||||1.36|||4|9|14|0.18|0.21|0.23|||||27.1|||11.8|||47||0|1.5|2.9|15|22.5|30|0|5|10|0|2|9|".49"|".49"|0|0|0|0|0|0|0|0|0|0|0|0||||3.1|5.5|8.7|0|2.5|5|4.5|5|5.5|||||||||||||||||||||||||||||||||"21852127"|"64442260"
"Bt1"||"B"||1||23|||54|||31||0|0|0|0|0|0|95|97.5|100|90|95|100|85|92.5|100|75|87.5|100|0.5|7.3|||0.4|||0.6|||1|||2.3|||3|||64.7||||||||18|28|35||||0.5|0.75|1||||1.2|1.33|1.45|||||1.39|||4|9|14|0.18|0.21|0.23|||||29.5|||15.4|||46||0|1.5|2.9|35|41.5|48|15|20|25|10|18|28|".43"|".43"|0|0|0|0|0|0|0|0|0|0|0|0||||5.3|9|12.3|0|2.5|5|4.5|5|5.5|||||||||||||||||||||||||||||||||"21852127"|"64442261"
"A"||"A"||||0|||8|||8||0|0|0|0|0|0|100|100|100|95|97.5|100|90|95|100|85|92.5|100|1|11.6|||0.2|||0.4|||0.9|||3.4|||6.7|||68.9||||||||12|19.5|27||||1|2|3||||1.2|1.3|1.4|||||1.36|||4|9|14|0.18|0.21|0.23|||||27.6|||12.4|||47||0|1.5|2.9|15|22.5|30|0|5|10|0|2|9|".37"|".37"|0|0|0|0|0|0|0|0|0|0|0|0|5|10|15||||0|2.5|5|4.5|5.5|6|||||||||||||||||||||||||||||||||"21852127"|"64442262"
"Bt"||"B"||||46|||107|||61||0|0|0|0|0|0|100|100|100|100|100|100|60|80|100|30|55|80||36.5|||3.3|||4.6|||6.3|||11.4|||10.9|||35.5||||||||18|28|30||||0.5|0.75|1||||1.25|1.38|1.5|||||1.44|||4|9|14|0.1|0.15|0.2|||||31.2|||17.1|||45||0|1.5|2.9|25|30|35|7|10|13|0|3|9|".32"|".32"|0|0|0|0|0|0|0|0|0|0|0|0|10|17.5|25|||||||5.1|5.5|6|||||||||||||||||||||||||||||||||"21852158"|"64442362"
"Ap"||"A"||||0|||20|||20||0|0|0|0|0|0|100|100|100|100|100|100|60|72.5|85|30|42.5|55||63.5|||0.3|||4.4|||14.1|||27.6|||17.1|||26.5||||||||5|10|15||||0.5|1.25|2||||1.3|1.4|1.5|||||1.46|||14|28|42|0.1|0.13|0.15|||||17.7|||8|||44||0|1.5|2.9|15|17.5|20|0|2.5|5|0|0|0|".28"|".28"|0|0|0|0|0|0|0|0|0|0|0|0|5|10|15|||||||5.1|5.8|6.5|||||||||||||||||||||||||||||||||"21852158"|"64442363"
"C"||"C"||||107|||183|||76||0|0|0|0|0|0|100|100|100|100|100|100|50|67.5|85|5|25|55||68.9|||0.3|||4.8|||15.3|||29.9|||18.6|||21.6||||||||4|9.5|15||||0|0.25|0.5||||1.3|1.45|1.6|||||1.52|||14|78|141|0.02|0.09|0.15|||||16.2|||6.5|||43||0|1.5|2.9|15|17.5|20|0|2.5|5|0|0|0|".28"|".28"|0|0|0|0|0|0|0|0|0|0|0|0|5|10|15|||||||5.1|5.5|6|||||||||||||||||||||||||||||||||"21852158"|"64442364"
"AB"||"AB"||||20|||46|||26||0|0|0|0|0|0|100|100|100|100|100|100|60|72.5|85|30|42.5|55||68.5|||0.3|||4.7|||15.2|||29.8|||18.5|||21.5||||||||5|10|15||||0.5|0.75|1||||1.3|1.4|1.5|||||1.46|||14|28|42|0.1|0.13|0.15|||||17|||7.3|||44||0|1.5|2.9|15|17.5|20|0|2.5|5|0|0|0|".32"|".32"|0|0|0|0|0|0|0|0|0|0|0|0|5|10|15|||||||5.1|5.5|6|||||||||||||||||||||||||||||||||"21852158"|"64442365"
"Bt"||"B"||||46|||107|||61||0|0|0|0|0|0|100|100|100|100|100|100|60|80|100|30|55|80||36.5|||3.3|||4.6|||6.3|||11.4|||10.9|||35.5||||||||18|28|30||||0.5|0.75|1||||1.25|1.38|1.5|||||1.44|||4|9|14|0.1|0.15|0.2|||||31.2|||17.1|||45||0|1.5|2.9|25|30|35|7|10|13|0|3|9|".32"|".32"|0|0|0|0|0|0|0|0|0|0|0|0|10|17.5|25|||||||5.1|5.5|6|||||||||||||||||||||||||||||||||"21852126"|"64442253"
"Ap"||"A"||||0|||20|||20||0|0|0|0|0|0|100|100|100|100|100|100|60|72.5|85|30|42.5|55||63.5|||0.3|||4.4|||14.1|||27.6|||17.1|||26.5||||||||5|10|15||||0.5|1.25|2||||1.3|1.4|1.5|||||1.46|||14|28|42|0.1|0.13|0.15|||||17.7|||8|||44||0|1.5|2.9|15|17.5|20|0|2.5|5|0|0|0|".28"|".28"|0|0|0|0|0|0|0|0|0|0|0|0|5|10|15|||||||5.1|5.8|6.5|||||||||||||||||||||||||||||||||"21852126"|"64442254"
"C"||"C"||||107|||183|||76||0|0|0|0|0|0|100|100|100|100|100|100|50|67.5|85|5|25|55||68.9|||0.3|||4.8|||15.3|||29.9|||18.6|||21.6||||||||4|9.5|15||||0|0.25|0.5||||1.3|1.45|1.6|||||1.52|||14|78|141|0.02|0.09|0.15|||||16.2|||6.5|||43||0|1.5|2.9|15|17.5|20|0|2.5|5|0|0|0|".28"|".28"|0|0|0|0|0|0|0|0|0|0|0|0|5|10|15|||||||5.1|5.5|6|||||||||||||||||||||||||||||||||"21852126"|"64442255"
"AB"||"AB"||||20|||46|||26||0|0|0|0|0|0|100|100|100|100|100|100|60|72.5|85|30|42.5|55||68.5|||0.3|||4.7|||15.2|||29.8|||18.5|||21.5||||||||5|10|15||||0.5|0.75|1||||1.3|1.4|1.5|||||1.46|||14|28|42|0.1|0.13|0.15|||||17|||7.3|||44||0|1.5|2.9|15|17.5|20|0|2.5|5|0|0|0|".32"|".32"|0|0|0|0|0|0|0|0|0|0|0|0|5|10|15|||||||5.1|5.5|6|||||||||||||||||||||||||||||||||"21852126"|"64442256"
"Ap"||"A"||||0|||13|||13||0|0|0|0|0|0|100|100|100|100|100|100|85|92.5|100|50|70|90|1|14|||0.1|||0.4|||1|||4|||8.5|||71||||||||10|15|20||||0.5|1.25|2||||1.25|1.43|1.6|||||1.5|||4|9|14|0.16|0.19|0.22|||||26|||10.3|||43||0|1.5|2.9|20|25|30|4|8|12|0|3|9|".55"|".55"|0|0|0|0|0|0|0|2|4|0|0|0|5|10|15|||||||4.5|5.9|7.3|||||||||||||||||||||||||||||||||"21852179"|"64442425"
"BCg"||"BC"||||138|||183|||45||0|0|0|0|0|0|100|100|100|100|100|100|90|95|100|70|80|90|1|11.4|||0.1|||0.4|||0.9|||3.4|||6.6|||68.6||||||||15|20|30||||0|0.25|0.5||||1.25|1.38|1.5|||||1.44|||0.01|0.7|1.4|0.14|0.16|0.18|||||27|||11.4|||45||0|1.5|2.9|25|30|35|7|11|15|2|7|13|".55"|".55"|0|0|0|0|0|0|14|16|18|0|0|0|10|20|30|||||||6.6|7.8|9|||||||||||||||||||||||||||||||||"21852179"|"64442426"
"Btg2"||"B"||2||67|||138|||71||0|0|0|0|0|0|100|100|100|100|100|100|90|95|100|70|80|90|0.5|7.1|||0.4|||0.6|||1|||2.2|||2.9|||64.9||||||||20|28|35||||0|0.25|0.5||||1.25|1.38|1.5|||||1.57|||0.01|0.21|0.42|0.14|0.16|0.18|||||30.3|||15.8|||45||3|4.5|5.9|30|37.5|45|11|18|25|5|13|23|".55"|".55"|0|0|0|0|0|0|16|23|30|0|0|0|10|20|30|||||||5.1|7.1|9|||||||||||||||||||||||||||||||||"21852179"|"64442427"
"Eg"||"E"||||13|||25|||12||0|0|0|0|0|0|100|100|100|100|100|100|85|92.5|100|50|70|90|1|14|||0.1|||0.4|||1|||4|||8.5|||71||||||||10|15|20||||0.5|1.25|2||||1.25|1.43|1.6|||||1.5|||4|9|14|0.16|0.19|0.22|||||26|||10.3|||43||0|1.5|2.9|20|25|30|4|8|12|0|3|9|".55"|".55"|0|0|0|0|0|0|0|3|6|0|0|0|5|10|15|||||||4.5|5.9|7.3|||||||||||||||||||||||||||||||||"21852179"|"64442428"
"B/Eg"||"B/E"||||25|||41|||16||0|0|0|0|0|0|100|100|100|100|100|100|80|90|100|50|70|90|1|11.4|||0.1|||0.4|||0.9|||3.4|||6.6|||68.6||||||||10|20|25||||0.5|0.75|1||||1.25|1.38|1.5|||||1.44|||1.4|2.7|4|0.14|0.16|0.18|||||27.5|||12|||45||0|1.5|2.9|25|30|35|8|14|18|1|7|15|".55"|".55"|0|0|0|0|0|0|0|4|8|0|0|0|10|17.5|25|||||||5.1|6.2|7.3|||||||||||||||||||||||||||||||||"21852179"|"64442429"
"Btg1"||"B"||1||41|||67|||26||0|0|0|0|0|0|100|100|100|100|100|100|90|95|100|70|80|90|0.5|7.1|||0.4|||0.6|||1|||2.2|||2.9|||64.9||||||||20|28|35||||0|0.25|0.5||||1.25|1.38|1.5|||||1.57|||0.01|0.21|0.42|0.14|0.16|0.18|||||30.3|||15.8|||45||3|4.5|5.9|30|37.5|45|11|18|25|5|13|23|".55"|".55"|0|0|0|0|0|0|14|17|20|0|0|0|10|20|30|||||||5.1|7.1|9|||||||||||||||||||||||||||||||||"21852179"|"64442430"
"BCg"||"BC"||||131|||183|||52||0|0|0|0|0|0|100|100|100|95|97.5|100|90|95|100|75|87.5|100|0.5|7.3|||0.4|||0.6|||1|||2.3|||3|||64.7||||||||15|28|35||||0|0.25|0.5||||1.4|1.58|1.75|||||1.65|||0.42|1|1.4|0.08|0.11|0.14|||||31.3|||17.8|||38||0|1.5|2.9|28|34|40|8|13|18|4|11|19|".49"|".49"|0|0|0|0|0|0|13|19|25|0|0|0|10.9|21.3|26.7|||||||6.6|7.8|9|||||||||||||||||||||||||||||||||"21852178"|"64442419"
"Btg1"||"B"||1||33|||59|||26||0|0|0|0|0|0|95|97.5|100|90|95|100|85|92.5|100|65|82.5|100|0.5|7.3|||0.4|||0.6|||1|||2.3|||3|||64.7||||||||18|28|35||||0.5|0.75|1||||1.4|1.58|1.75|||||1.65|||0.01|0.21|0.42|0.08|0.11|0.14|||||31.2|||18.2|||37||0|1.5|2.9|30|37|44|12|17|22|5|13|24|".49"|".49"|0|0|0|0|0|0|13|19|25|0|0|0|14.7|22.2|27.5|||||||5.6|7.3|9|||||||||||||||||||||||||||||||||"21852178"|"64442420"
"B/Eg"||"B/E"||||10|||33|||23||0|0|0|0|0|0|95|97.5|100|90|95|100|85|92.5|100|65|82.5|100|0.5|7.3|||0.4|||0.6|||1|||2.3|||3|||64.7||||||||15|28|35||||0.5|0.75|1||||1.4|1.58|1.75|||||1.65|||0.42|1|1.4|0.08|0.11|0.14|||||31.2|||18.2|||37||0|1.5|2.9|28|35|42|12|17|22|5|13|23|".49"|".49"|0|0|0|0|0|0|4|12|20|0|0|0|12.5|22.2|27.5|||||||5.6|6.8|8|||||||||||||||||||||||||||||||||"21852178"|"64442421"
"Ap"||"A"||||0|||10|||10||0|0|0|0|0|0|100|100|100|100|100|100|95|97.5|100|75|87.5|100|1|20.8|||0.1|||0.4|||1.2|||5.7|||13.4|||67.7||||||||5|11.5|18||||0.5|1.25|2||||1.3|1.4|1.5|||||1.46|||1.4|2.7|4|0.15|0.19|0.23|||||23.9|||8.1|||44||0|1.5|2.9|15|21.5|28|0|3.5|7|0|0|6|".55"|".55"|0|0|0|0|0|0|0|4|8|0|0|0|4.6|10.2|15.5|||||||4.5|5.9|7.3|||||||||||||||||||||||||||||||||"21852178"|"64442422"
"Btg2"||"B"||2||59|||97|||38||0|0|0|0|0|0|95|97.5|100|90|95|100|85|92.5|100|65|82.5|100|0.5|7.3|||0.4|||0.6|||1|||2.3|||3|||64.7||||||||18|28|35||||0.1|0.5|1||||1.4|1.58|1.75|||||1.65|||0.01|0.21|0.42|0.08|0.11|0.14|||||31|||17.8|||37||0|1.5|2.9|30|37|44|12|17|22|5|13|24|".55"|".55"|0|0|0|0|0|0|13|19|25|0|0|0|13.8|21.9|27.5|||||||5.6|7.3|9|||||||||||||||||||||||||||||||||"21852178"|"64442423"
"Btg3"||"B"||3||97|||131|||34||0|0|0|0|0|0|100|100|100|95|97.5|100|90|95|100|75|87.5|100|0.5|7.3|||0.4|||0.6|||1|||2.3|||3|||64.7||||||||15|28|35||||0|0.25|0.5||||1.4|1.58|1.75|||||1.65|||0.01|0.21|0.42|0.08|0.11|0.14|||||31.3|||17.8|||38||0|1.5|2.9|28|34|40|8|13|18|4|11|19|".55"|".55"|0|0|0|0|0|0|13|19|25|0|0|0|10.9|21.3|26.7|||||||6.6|7.8|9|||||||||||||||||||||||||||||||||"21852178"|"64442424"
"Ap"||"A"|||0|0|0|10|25|30|10|25|30|0|0|0|0|0|0|100|100|100|100|100|100|87|92|96|40|46|53|55|63.5|70|0|0.3|0.4|3|4.4|4.9|12|14.1|15.5|25|27.6|30.4|15|17.1|18.8|15|26.5|39|||||||5|10|15|0|0|0|0.5|1.25|2||||1.48|1.56|1.65||||1.5|1.58|1.67||14|28|42|0.13|0.15|0.17||||13.4|18.6|22.4|4.3|8.9|13.4|36|39|42|0.2|0.5|0.9|17|23|29|2|6|9|0|0|2|".28"|".28"|0|0|0|0|0|0|0|0|0|0|1|2||||1.1|2.6|4.6|1.1|2.6|3.2|5|5.5|6||||||||||4.6|8|11.6|||||||||||||||||||||"21852150"|"64442335"
"Bw"||"B"|||10|25|30|56|107|152|46|82|142|0|0|0|0|0|0|100|100|100|100|100|100|85|92|98|39|47|56|40|62.5|70|0|0.3|0.3|0|4.3|4.8|10|13.9|15.6|20|27.2|30.5|10|16.8|18.8|14|26|45.5|||||||7|11.5|16|0|0|0|0|0.25|0.5||||1.41|1.5|1.59||||1.44|1.53|1.62||14|28|42|0.13|0.15|0.17||||14|17.9|20.9|4.7|8.1|11.5|38|41|45|0.4|0.7|1.1|18|22|27|3|6|10|0|0|2|".32"|".32"|0|0|0|0|0|0|0|0|0|0|1|2||||1.9|3.7|7.3|0.6|2.8|6.7|5|5.5|6||||||||||4.2|6.8|10.2|||||||||||||||||||||"21852150"|"64442336"
"C"||"C"|||56|107|152|203|203|203|51|96|147|0|0|0|0|0|0|100|100|100|100|100|100|90|94|98|23|28|34|80|85.3|90|0|0|0.2|1.8|2|2.1|13.9|14.8|15.5|42.1|44.9|47.4|22.2|23.6|24.8|0|6.7|20|||||||0|8|10|0|0|0|0|0.25|0.5||||1.48|1.58|1.67||||1.5|1.6|1.69||42|92|141|0.06|0.09|0.11|6|21|22.6|2.1|15.6|17.6|0.1|6.1|7.9|35|38|42|0|0.5|0.7|0|19|22|0|5|6|0|0|0|".15"|".15"|0|0|0|0|0|0|0|0|0|0|1|2|0.1|4.3|5.4||||0|3.7|5.4|5.1|6.2|7.3||||||||||0|2.5|8.6|||||||||||||||||||||"21852150"|"64442337"
"Ap"||"A"||||0|||18|||18||0|0|0|0|0|0|100|100|100|100|100|100|60|72.5|85|30|40|50||63.5|||0.3|||4.4|||14.1|||27.6|||17.1|||26.5||||||||5|10|15||||0.5|1.25|2||||1.3|1.4|1.5|||||1.46|||14|28|42|0.1|0.12|0.14|||||17.7|||8|||44||0|1.5|2.9|15|20|25|0|3.5|7|0|0|0|".24"|".24"|0|0|0|0|0|0|0|0|0|0|0|0|5|10|15|||||||5|5.5|6|||||||||||||||||||||||||||||||||"21852175"|"64442415"
"Bw2"||"B"||2||77|||99|||22||0|0|0|0|0|0|100|100|100|100|100|100|70|82.5|95|40|57.5|75||67.5|||0.3|||4.7|||15|||29.3|||18.2|||21||||||||7|11.5|16||||0|0.25|0.5||||1.25|1.38|1.5|||||1.44|||14|28|42|0.12|0.15|0.17|||||17.2|||7.5|||45||0|1.5|2.9|15|20|25|0|3.5|7|0|0|3|".32"|".32"|0|0|0|0|0|0|0|0|0|0|0|0|5|12.5|20|||||||5|5.5|6|||||||||||||||||||||||||||||||||"21852175"|"64442416"
"C"||"C"||||99|||183|||84||0|0|0|0|0|0|100|100|100|100|100|100|50|67.5|85|5|25|45||83|||1.1|||12|||26.2|||31.6|||12.1|||9||||||||4|8|12||||0|0.25|0.5||||1.35|1.48|1.6|||||1.55|||42|92|141|0.06|0.09|0.11||20.7|||15.2|||5.7|||42||0|1.5|2.9|15|17.5|20|0|0|0|0|0|0|".05"|".05"|0|0|0|0|0|0|0|0|0|0|0|0|1|8|15|||||||5.1|6.2|7.3|||||||||||||||||||||||||||||||||"21852175"|"64442417"
"Bw1"||"B"||1||18|||77|||59||0|0|0|0|0|0|100|100|100|100|100|100|70|82.5|95|40|57.5|75||67.5|||0.3|||4.7|||15|||29.3|||18.2|||21||||||||7|11.5|16||||0|0.25|0.5||||1.25|1.38|1.5|||||1.44|||14|28|42|0.12|0.15|0.17|||||17.2|||7.5|||45||0|1.5|2.9|15|20|25|0|3.5|7|0|0|3|".32"|".32"|0|0|0|0|0|0|0|0|0|0|0|0|5|12.5|20|||||||5|5.5|6|||||||||||||||||||||||||||||||||"21852175"|"64442418"
"Ap"||"A"||||0|||15|||15||0|0|0|0|0|0|100|100|100|98|99|100|90|95|100|70|80|90|1|11.7|25|0|0.2|0.5|0|0.4|1|0|0.9|5|1|3.5|10|2|6.7|15|51.3|69.8|88.3|||||||12|18.5|25||||1|1.5|2||||1.25|1.38|1.5|||||1.44|||4|9|14|0.16|0.2|0.24|||||27.5|||12.1|||45||0|1.5|2.9|15|22.5|30|4|7|10|0|3|8|".43"|".43"|0|0|0|0|0|0|0|0|0|0|0|0|10|15|20|||||||4.5|5.5|6.5|||||||||||||||||||||||||||||||||"21852173"|"64442409"
"Cg"||"C"||||154|||183|||29||0|0|0|0|0|0|100|100|100|98|99|100|80|90|100|60|77.5|95|0.5|7.1|35|0|0.4|0.5|0|0.6|1|0|1|5|1|2.2|10|2|2.9|20|40.2|64.9|79.5|||||||20|28|35||||0|0.25|0.5||||1.25|1.43|1.6|||||1.5|||0.42|2|4|0.15|0.2|0.24|||||30.5|||16.2|||43||0|1.5|2.9|25|32.5|40|7|13.5|20|1|9|20|".49"|".49"|0|0|0|0|0|0|0|0|0|0|0|0|10|17.5|25|||||||5.1|6.5|7.8|||||||||||||||||||||||||||||||||"21852173"|"64442410"
"BCg"||"BC"||||112|||154|||42||0|0|0|0|0|0|100|100|100|98|99|100|80|90|100|60|77.5|95|0.5|7.1|35|0|0.4|0.5|0|0.6|1|0|1|5|1|2.2|10|2|2.9|20|40.2|64.9|79.5|||||||20|28|35||||0|0.25|0.5||||1.25|1.43|1.6|||||1.5|||0.42|2|4|0.15|0.2|0.24|||||30.5|||16.2|||43||0|1.5|2.9|25|32.5|40|7|13.5|20|1|9|20|".49"|".49"|0|0|0|0|0|0|0|0|0|0|0|0|10|17.5|25|||||||5.1|6.5|7.8|||||||||||||||||||||||||||||||||"21852173"|"64442411"
"Btg2"||"B"||2||64|||112|||48||0|0|0|0|0|0|100|100|100|98|99|100|85|92.5|100|70|82.5|95|0.5|7.3|15|0|0.4|0.5|0|0.6|1|0|1|5|1|2.3|10|2|3|15|48.9|64.7|80.4|||||||18|28|35||||0.5|0.75|1||||1.25|1.38|1.5|||||1.58|||0.42|1|1.4|0.16|0.2|0.24|||||30.5|||16.3|||45||3|4.5|5.9|25|32.5|40|7|13.5|20|2|10|20|".49"|".49"|0|0|0|0|0|0|0|0|0|0|0|0|10|17.5|25|||||||4.5|5.5|6.5|||||||||||||||||||||||||||||||||"21852173"|"64442412"
"Eg"||"E"||||15|||31|||16||0|0|0|0|0|0|100|100|100|98|99|100|85|92.5|100|70|80|90|1|14|25|0|0.1|0.5|0|0.4|1|0|1|5|1|4|10|2|8.5|15|54|71|88|||||||10|15|20||||0.5|0.75|1||||1.25|1.38|1.5|||||1.44|||4|9|14|0.16|0.2|0.24|||||25|||9.2|||45||0|1.5|2.9|15|20|25|3|5.5|8|0|1|5|".55"|".55"|0|0|0|0|0|0|0|0|0|0|0|0|5|12.5|20|||||||4.5|5.5|6.5|||||||||||||||||||||||||||||||||"21852173"|"64442413"
"Btg1"||"B"||1||31|||64|||33||0|0|0|0|0|0|100|100|100|98|99|100|85|92.5|100|70|80|90|1|11.4|25|0|0.1|0.5|0|0.4|1|0|0.9|5|1|3.4|10|2|6.6|15|50.6|68.6|86.6|||||||18|20|30||||0.5|0.75|1||||1.25|1.38|1.5|||||1.44|||1.4|2.7|4|0.16|0.2|0.24|||||27.3|||11.9|||45||0|1.5|2.9|20|25|30|5|10|15|0|5|12|".55"|".55"|0|0|0|0|0|0|0|0|0|0|0|0|10|15|20|||||||4.5|5.5|6.5|||||||||||||||||||||||||||||||||"21852173"|"64442414"
"Cg1"||"C"||1||140|||161|||21||0|0|0|0|0|0|100|100|100|100|100|100|85|90|95|60|67.5|75|10|51.8|60|0|5.6|7|2|8.3|10|5|12.6|20|10|16.3|40|5|9|35|0|8.2|43.2|||||||30|40|50||||0|0.25|0.5||||1.2|1.35|1.5|||||1.68|||0.42|1|1.4|0.14|0.17|0.2|||||30.4|||21.6|||46||6|7.5|8.9|45|55|65|25|32.5|40|12|20|31|".17"|".17"|0|0|0|0|0|0|0|0|0|0|0|0|35|42.5|50||||32|42|50|6.6|7.5|8.4|||||||||||||||||||||||||||||||||"21852185"|"64442437"
"Cg2"||"C"||2||161|||183|||22||0|0|0|0|0|0|100|100|100|100|100|100|85|90|95|60|67.5|75|10|51.8|60|0|5.6|7|2|8.3|10|5|12.6|20|10|16.3|40|5|9|35|0|8.2|43.2|||||||30|40|50||||0|0.25|0.5||||1.2|1.35|1.5|||||1.68|||0.42|1|1.4|0.14|0.17|0.2|||||30.4|||21.6|||46||6|7.5|8.9|45|55|65|25|32.5|40|12|20|31|".17"|".17"|0|0|0|0|0|0|0|0|0|0|0|0|35|42.5|50||||32|42|50|6.6|7.5|8.4|||||||||||||||||||||||||||||||||"21852185"|"64442438"
"Bg1"||"B"||1||13|||43|||30||0|0|0|0|0|0|100|100|100|100|100|100|95|97.5|100|85|90|95|15|26.1|35|0|1.7|2|0|2.2|5|2|5|10|5|9.4|20|5|7.8|20|8.9|28.9|48.9|||||||35|45|55||||0.5|0.75|1||||1.15|1.33|1.5|||||1.65|||0.01|0.21|0.42|0.14|0.17|0.2|||||39.4|||24.7|||47||9|17|25|52|61|70|30|37|44|27|37|48|".28"|".28"|0|0|0|0|0|0|0|0|0|0|0|0|35|42.5|50||||14|29|43|6.1|7.3|8.4|||||||||||||||||||||||||||||||||"21852185"|"64442439"
"Bg2"||"B"||2||43|||115|||72||0|0|0|0|0|0|100|100|100|100|100|100|95|97.5|100|85|90|95|15|26.1|35|0|1.7|2|0|2.2|5|2|5|10|5|9.4|20|5|7.8|20|8.9|28.9|48.9|||||||35|45|55||||0.5|0.75|1||||1.15|1.33|1.5|||||1.65|||0.01|0.21|0.42|0.14|0.17|0.2|||||39.4|||24.7|||47||9|17|25|52|61|70|30|37|44|27|37|48|".28"|".28"|0|0|0|0|0|0|0|0|0|0|0|0|35|42.5|50||||31|41|50|6.1|7.3|8.4|||||||||||||||||||||||||||||||||"21852185"|"64442440"
"Ap"||"A"||||0|||13|||13||0|0|0|0|0|0|100|100|100|100|100|100|95|97.5|100|85|90|95|0.5|1.8|3|0|0|1|0|0|1|0|0.1|1|0|0.5|2|0|1.2|2|47|53.2|59.5|||||||40|45|50||||1|2|3||||1.2|1.35|1.5|||||1.67|||0.01|0.21|0.42|0.14|0.17|0.2|||||32.9|||26.2|||46||9|17|25|55|60|65|33|36.5|40|29|36|43|".32"|".32"|0|0|0|0|0|0|0|0|0|0|0|0|20|32.5|45||||14|29|43|5.1|6.2|7.3|||||||||||||||||||||||||||||||||"21852185"|"64442441"
"BCg"||"BC"||||115|||140|||25||0|0|0|0|0|0|100|100|100|100|100|100|95|97.5|100|85|90|95|15|26.1|35|0|1.7|2|0|2.2|5|2|5|10|5|9.4|20|5|7.8|20|8.9|28.9|48.9|||||||35|45|55||||0.5|0.75|1||||1.15|1.33|1.5|||||1.65|||0.01|0.21|0.42|0.14|0.17|0.2|||||39.4|||24.7|||47||9|17|25|52|61|70|30|37|44|27|37|48|".28"|".28"|0|0|0|0|0|0|0|0|0|0|0|0|35|42.5|50||||31|41|50|6.1|7.3|8.4|||||||||||||||||||||||||||||||||"21852185"|"64442442"
"Cg"||"C"|||107|142|200|200|200|200|0|58|93|0|0|0|0|0|0|100|100|100|100|100|100|92|99|100|83|94|100|5|7.9|23|0|0.1|0.2|0.2|0.3|0.7|0.6|1|2.8|2.4|3.8|11|1.7|2.7|8.3|40|66.1|75|||||||20|26|55|0|0|0|0|0.25|0.5||||1.37|1.42|1.46||||1.48|1.53|1.75|2.65|0.42|1|1.4|0.19|0.21|0.23||||27|29.8|38.8|11.4|15.1|31.8|43|44|46|1.8|2.6|7.3|30|36|64|13|18|40|9|16|46|".55"|".55"|0|0|0|0|0|0|0|0|0|0|1|2|11.3|14.3|28.3||||5.5|13.7|36.3|4.5|6.5|8.4||||||||||0|3.6|12.5|||||||||||||||||||||"21852190"|"64442455"
"Ap"||"A"|||0|0|0|10|13|20|10|13|20|0|0|0|0|0|0|100|100|100|100|100|100|90|94|98|73|78|84|20|27.1|28|1.6|2.2|2.3|2.3|3.1|3.2|3.2|4.4|4.5|6.3|8.5|8.8|6.6|8.9|9.2|50|54.4|70|||||||10|18.5|22|0|0|0|0.5|1.25|2||||1.43|1.47|1.51||||1.51|1.55|1.58|2.63|1.4|2.7|4|0.22|0.23|0.25||||22.2|28|30.2|6.6|12.6|15.6|40|42|43|0.8|1.7|2.4|22|31|36|6|12|15|1|7|12|".43"|".43"|0|0|0|0|0|0|0|0|0|0|1|2|6.5|12.4|15.3||||2.3|9.3|15.1|4.5|5.5|6.5||||||||||2.2|6.8|10.8|||||||||||||||||||||"21852190"|"64442456"
"Eg"||"E"|||10|13|20|20|25|48|10|12|38|0|0|0|0|0|0|100|100|100|100|100|100|90|94|98|73|78|84|20|27.1|28|1.6|2.2|2.3|2.3|3.1|3.2|3.2|4.4|4.5|6.3|8.5|8.8|6.6|8.9|9.2|50|54.4|70|||||||10|18.5|22|0|0|0|0.5|0.75|1||||1.39|1.48|1.57||||1.46|1.55|1.58|2.64|1.4|2.7|4|0.22|0.23|0.25||||22.3|27.5|29.3|6.6|12|14.4|39|42|45|0.8|1.6|2.2|22|30|34|6|12|15|1|7|11|".49"|".49"|0|0|0|0|0|0|0|0|0|0|1|2|6.5|11.4|13.7||||2.2|8.4|11.8|4.5|5.5|6.5||||||||||2.2|6.3|9.8|||||||||||||||||||||"21852190"|"64442457"
"Btg"||"B"|||20|25|48|35|41|172|15|16|152|0|0|0|0|0|0|100|100|100|100|100|100|94|99|100|86|94|100|0|7.9|23|0|0.1|0.2|0|0.3|0.7|0|1|2.8|0|3.8|11|0|2.7|8.3|45|53.1|73|||||||27|39|55|0|0|0|0|0.25|0.5||||1.43|1.46|1.5||||1.64|1.67|1.8|2.65|0.42|1|1.4|0.15|0.17|0.19||||30.3|34.6|39.2|15.8|23.1|32.7|41|43|44|2.7|4.5|7.3|36|48|64|19|28|40|15|28|46|".37"|".37"|0|0|0|0|0|0|0|0|0|0|1|2|14.8|20.7|28.3||||5.6|19.3|36.3|4.5|6.5|8.4||||||||||0|4.9|12.5|||||||||||||||||||||"21852190"|"64442458"
"BCg"||"BC"|||35|41|172|107|142|200|72|101|165|0|0|0|0|0|0|100|100|100|100|100|100|92|99|100|83|94|100|5|7.9|23|0.1|0.1|0.2|0.2|0.3|0.7|0.6|1|2.8|2.4|3.8|11|1.7|2.7|8.3|40|66.1|75|||||||20|26|55|0|0|0|0|0.25|0.5||||1.36|1.41|1.46||||1.47|1.52|1.74|2.65|0.42|1|1.4|0.19|0.21|0.23||||26.9|29.7|38.7|11.3|15|31.6|43|44|46|1.8|2.6|7.3|30|36|64|13|18|40|9|16|46|".55"|".55"|0|0|0|0|0|0|0|0|0|0|1|2|11.3|14.3|28.3||||4.6|13.1|36.3|4.5|6.5|8.4||||||||||0|3.6|12.5|||||||||||||||||||||"21852190"|"64442459"
"Ap1"||"A"||1|0|0|0|10|13|20|10|13|20|0|0|0|0|0|0|100|100|100|100|100|100|92|99|100|81|92|100|0|11.7|23|0|0.2|0.4|0|0.4|0.8|0|0.9|1.7|0|3.5|6.9|0|6.7|13.2|50|69.8|88|||||||12|18.5|27|0|0|0|0.5|1.25|2||||1.45|1.47|1.49||||1.54|1.56|1.64|2.6|1.4|7|14|0.01|0.23|0.24||||23.6|28|32|7.8|12.6|18.5|41|41|42|1.2|2|3.7|24|31|41|7|12|19|3|10|20|".43"|".43"|0|0|0|0|0|0|0|0|0|0|1|2|10.2|15.6|22.3||||6.6|13|21.3|5.6|6|7||||||||||1.5|6|9|||||||||||||||||||||"21852189"|"64442449"
"Ap2"||"A"||2|10|13|20|15|23|38|5|10|18|0|0|0|0|0|0|100|100|100|100|100|100|91|100|100|81|96|100|0|7|20|0|0|0|0|0|0|0|0.2|0.6|0|1.9|5.4|0|4.9|14|42|69|88|||||||12|24|38|0|0|0|0.5|1|2||||1.36|1.42|1.49||||1.5|1.56|1.69|2.6|1.4|7|14|0.01|0.22|0.24||||23.3|29.7|35.1|7.5|14.9|24|41|43|45|1.2|3.1|6|24|36|52|7|16|27|3|15|31|".43"|".43"|0|0|0|0|0|0|0|0|0|0|1|2|10.2|19.6|30.4||||5.7|17.6|29.4|5.6|6|7||||||||||1.5|6.6|10.7|||||||||||||||||||||"21852189"|"64442450"
"Bg/E"||"B/E"|||15|23|38|28|43|76|13|20|38|0|0|0|0|0|0|100|100|100|100|100|100|91|100|100|81|96|100|0|7|20|0|0|0|0|0|0|0|0.2|0.6|0|1.9|5.4|0|4.9|14|42|69|88|||||||12|24|38|0|0|0|0.5|0.75|1||||1.36|1.38|1.39||||1.49|1.51|1.64|2.6|1.4|7|14|0.01|0.22|0.24||||23.1|29.2|34.1|7.3|14.2|22.1|44|45|45|1.2|3.1|5.9|24|36|50|7|16|27|3|15|30|".49"|".49"|0|0|0|0|0|0|0|0|0|0|1|2|10.2|19.3|29.6||||3.7|17|27|5|6|7||||||||||1.5|6.4|11.6|||||||||||||||||||||"21852189"|"64442451"
"Btg"||"B"|||28|43|76|53|107|140|25|64|64|0|0|0|0|0|0|100|100|100|100|100|100|89|99|100|84|94|100|0.5|7.3|20|0|0.4|1.1|0|0.6|1.6|0.1|1|2.7|0.2|2.3|6.3|0.2|3|8.2|45|64.7|81.5|||||||18|28|35|0|0|0|0.5|0.75|1||||1.33|1.4|1.47||||1.49|1.56|1.63|2.6|1.4|2.7|4|0.01|0.19|0.23||||26.4|30.8|33.4|10.7|16.6|20.8|41|44|46|1.7|3.6|5.2|29|39|47|12|19|25|6|16|28|".49"|".49"|0|1|2|0|0|0|0|0|0|2|5|8|14.7|22.2|27.5||||12.3|70.9|84.8|6.6|7.5|8.4||||||||||0|2.6|6.5|||||||||||||||||||||"21852189"|"64442452"
"BCg"||"BC"|||53|107|140|66|154|191|13|47|51|0|0|0|0|0|0|100|100|100|100|100|100|89|99|100|84|94|100|0.5|7.3|20|0|0.4|1.1|0|0.6|1.6|0.1|1|2.7|0.2|2.3|6.3|0.2|3|8.2|45|64.7|81.5|||||||18|28|35|0|0|0|0|0.5|1||||1.35|1.38|1.41||||1.5|1.53|1.61|2.6|1.4|2.7|4|0.01|0.2|0.23||||25.7|30.5|33.2|9.9|16.1|20.5|43|45|46|1.6|3.6|5.2|28|39|47|12|20|25|6|17|28|".49"|".49"|0|1|2|0|0|0|0|0|0|2|7|16|12.9|21.9|27.5||||11.4|74.4|80.1|6.6|7.5|8.4||||||||||0|2.4|6.5|||||||||||||||||||||"21852189"|"64442453"
"Cg"||"C"|||66|154|191|200|200|200|9|46|134|0|0|0|0|0|0|100|100|100|100|100|100|93|100|100|65|71|80|13|53.8|55|0|0|0|0|0.1|0.1|0.1|0.5|0.5|2.2|9.1|9.3|10.7|44.1|45.1|10|19.7|67|||||||20|26.5|35|0|0|0|0|0.25|0.5||||1.34|1.46|1.57||||1.48|1.6|1.69|2.61|1.4|2.7|4|0.01|0.1|0.11||||21.5|24.7|28.1|12.3|16.6|22.1|38|42|46|1.9|3.2|5.1|30|37|46|13|18|25|4|9|20|".49"|".49"|0|1|2|0|0|0|0|0|0|2|10|16|14.2|20.3|26.7||||13|79.3|81.1|6.6|7.5|8.4||||||||||0|1.9|6|||||||||||||||||||||"21852189"|"64442454"
"Ap"||"A"|||0|0|0|10|13|20|10|13|20|0|0|0|0|0|0|100|100|100|100|100|100|90|94|98|73|78|84|20|27.1|28|1.6|2.2|2.3|2.3|3.1|3.2|3.2|4.4|4.5|6.3|8.5|8.8|6.6|8.9|9.2|50|54.4|70|||||||10|18.5|22|0|0|0|0.5|1.25|2||||1.43|1.47|1.51||||1.52|1.56|1.59|2.6|1.4|2.7|4|0.2|0.22|0.23||||22.2|28|30.2|6.6|12.6|15.6|40|41|43|0.8|2|2.6|22|31|36|6|12|15|1|7|12|".43"|".43"|0|0|0|0|0|0|0|0|0|0|0|0|8.9|15.6|18.4||||4.5|13.4|17.5|4.5|5.5|6.5||||||||||2.7|7.4|11.4|||||||||||||||||||||"21852169"|"64442393"
"Eg"||"E"|||10|13|20|20|25|48|10|12|38|0|0|0|0|0|0|100|100|100|100|100|100|90|94|98|73|78|84|20|27.1|28|1.6|2.2|2.3|2.3|3.1|3.2|3.2|4.4|4.5|6.3|8.5|8.8|6.6|8.9|9.2|50|54.4|70|||||||10|18.5|22|0|0|0|0.5|0.75|1||||1.39|1.48|1.57||||1.48|1.57|1.59|2.61|1.4|2.7|4|0.2|0.22|0.23||||22.3|27.5|29.3|6.6|12|14.4|38|41|44|0.8|1.9|2.5|22|30|34|6|12|15|1|7|11|".49"|".49"|0|0|0|0|0|0|0|0|0|0|0|0|8.9|15.3|18||||3.4|11.8|16.3|4.5|5.5|6.5||||||||||2.7|7.1|10.7|||||||||||||||||||||"21852169"|"64442394"
"BCg"||"BC"|||35|41|172|107|142|200|72|101|165|0|0|0|0|0|0|100|100|100|100|100|100|92|99|100|83|94|100|5|7.9|23|0.3|0.5|1.5|0.5|0.8|2.3|0.4|0.7|2|1.6|2.5|7.3|2.2|3.4|9.9|40|66.1|75|||||||20|26|45|0|0|0|0|0.25|0.5||||1.36|1.41|1.46||||1.5|1.55|1.8|2.61|0.42|1|1.4|0.2|0.21|0.22||||26.9|29.7|36.1|11.3|15|26|42|44|45|2|3.1|8.4|30|36|56|13|18|33|9|16|37|".55"|".55"|0|0|0|0|0|0|0|0|0|0|0|0|14.5|19.8|32.5||||6.2|19.3|34|4.5|6.5|8.4||||||||||0|4.7|13.4|||||||||||||||||||||"21852169"|"64442395"
"Btg"||"B"|||20|25|48|35|41|172|15|16|152|0|0|0|0|0|0|100|100|100|100|100|100|93|98|100|85|94|100|5|7.9|30|0|0.6|1|0|0.8|1|0|1.2|5|1|2.5|20|2|2.8|15|40|53.1|67|||||||28|39|42.1|0|0|0|0|0.25|0.5||||1.46|1.47|1.48||||1.78|1.79|1.83|2.59|0.42|1|1.4|0.17|0.18|0.22||||30.7|34.7|35.8|16.5|23.2|25.4|41|41|41|3.3|6.8|7.6|38|50|53|19|28|30|15|28|34|".37"|".37"|0|0|0|0|0|0|0|0|0|0|0|0|19.4|28.1|30.7||||9.5|27|32.2|4.5|6.5|8.4||||||||||0|6.4|13|||||||||||||||||||||"21852169"|"64442396"
"Cg"||"C"|||107|142|200|200|200|200|0|58|93|0|0|0|0|0|0|100|100|100|100|100|100|92|99|100|83|94|100|5|7.9|23|0.3|0.5|1.5|0.5|0.8|2.3|0.4|0.7|2|1.6|2.5|7.3|2.2|3.4|9.9|40|66.1|75|||||||20|26|45|0|0|0|0|0.25|0.5||||1.37|1.42|1.46||||1.51|1.56|1.81|2.61|0.42|1|1.4|0.2|0.21|0.22||||27|29.8|36.2|11.4|15.1|26.1|42|43|45|2|3.1|8.4|30|36|56|13|18|33|9|16|37|".55"|".55"|0|0|0|0|0|0|0|0|0|0|0|0|14.5|19.8|32.5||||10.2|19.4|34|4.5|6.5|8.4||||||||||0|4.7|13.4|||||||||||||||||||||"21852169"|"64442397"
"Ap"||"A"|||0|0|0|8|13|30|8|13|30|0|0|0|0|0|0|100|100|100|100|100|100|92|99|100|80|91|100|2|14|30|0|0.1|0.2|0.1|0.4|0.9|0.1|1|2.1|0.6|4|8.6|1.2|8.5|18.2|50|71|86|||||||12|15|20|0|0|0|0.5|1.25|2||||1.42|1.46|1.49||||1.47|1.51|1.54|2.65|4|9|14|0.16|0.19|0.22||||23.5|26.2|29.3|7.7|10.5|14.4|42|43|44|0.9|1.2|1.7|24|28|34|7|9|13|3|7|13|".55"|".55"|0|0|0|0|0|0|0|0|0|0|0|0|6.4|8.1|10.8||||2.2|6.6|10.8|4.5|5.9|7.3||||||||||0|4.7|9.9|||||||||||||||||||||"21852168"|"64442388"
"Eg"||"E"|||8|13|30|15|25|46|7|12|38|0|0|0|0|0|0|100|100|100|100|100|100|92|99|100|76|87|97|12|21|47|0.1|0.2|0.4|0.2|0.3|0.7|0.4|0.7|1.6|2.9|5.1|11.4|8.4|14.7|32.9|48|75|85|||||||3|4|5|0|0|0|0.5|0.75|1||||1.52|1.55|1.58||||1.53|1.56|1.59|2.64|1.4|2.7|4|0.16|0.2|0.24||||16.1|18|19.6|2.6|3.6|4.6|38|39|40|0.2|0.2|0.3|0|17|18|0|2|2|0|0|0|".64"|".64"|0|0|0|0|0|0|0|0|0|0|0|0|1.6|2.2|2.7||||0.7|2|2.7|5.1|6.2|7.3||||||||||0|2.3|5.8|||||||||||||||||||||"21852168"|"64442389"
"B/E"||"B/E"|||15|25|46|30|41|102|15|16|87|0|0|0|0|0|0|100|100|100|100|100|100|92|99|100|76|87|97|12|21|47|0.1|0.2|0.4|0.2|0.3|0.7|0.4|0.7|1.6|2.9|5.1|11.4|8.4|14.7|32.9|48|75|85|||||||3|4|5|0|0|0|0.5|0.75|1||||1.43|1.47|1.51||||1.44|1.48|1.52|2.64|1.4|2.7|4|0.16|0.2|0.24||||15.8|17.7|19.3|2.5|3.4|4.4|41|42|44|0.2|0.2|0.3|0|17|18|0|2|2|0|0|0|".64"|".64"|0|0|0|0|0|0|0|0|0|0|0|0|1.6|2.2|2.7||||0.5|1.8|2.7|5.1|6.2|7.3||||||||||0|2.3|5.8|||||||||||||||||||||"21852168"|"64442390"
"Btng"||"B"|||30|41|102|60|137|152|30|96|122|0|0|0|0|0|0|100|100|100|100|100|100|93|99|100|85|95|100|0.5|6.9|20|0|0.2|0.6|0|0.3|0.9|0.1|0.7|2|0.2|2.1|6.1|0.3|3.6|10.4|45|63.1|79.5|||||||20|30|35|0|0|0|0|0.25|0.5||||1.44|1.46|1.49||||1.58|1.6|1.64|2.68|0.01|0.21|0.42|0.18|0.2|0.22||||27.2|31.6|33.5|11.7|17.8|21.1|42|43|44|1.7|3.1|3.9|30|40|45|13|21|25|9|20|27|".49"|".49"|0|0|0|0|0|0|1|3|5|4|8|16|10.1|15.7|18.4||||5.7|15.5|55.4|5.1|7.1|9||||||||||0|2.1|8.7|||||||||||||||||||||"21852168"|"64442391"
"BCng"||"BC"|||60|137|152|113|183|200|15|46|120|0|0|0|0|0|0|100|100|100|100|100|100|93|99|100|82|92|100|1|11.4|25|0|0.1|0.2|0|0.4|0.9|0.1|0.9|2|0.3|3.4|7.5|0.6|6.6|14.5|50|68.6|84|||||||15|20|25|0|0|0|0|0.25|0.5||||1.41|1.44|1.48||||1.48|1.51|1.55|2.67|0.01|0.7|1.4|0.16|0.19|0.22||||24.5|27.4|29.8|8.6|11.9|15|42|44|45|1.1|1.7|2.4|25|30|36|9|13|17|5|10|17|".55"|".55"|0|1|3|0|0|0|1|3|5|4|8|16|7.6|10.5|13.2||||6.8|30.9|50.2|6.6|7.8|9||||||||||0|0|3.2|||||||||||||||||||||"21852168"|"64442392"
"Ap"||"A"|||0|0|0|10|15|23|10|15|23|0|0|0|0|0|0|100|100|100|100|100|100|95|99|100|80|87|91|15|20.7|25|0|0.1|0.1|0.3|0.4|0.5|0.9|1.2|1.5|4.2|5.7|6.9|9.6|13.3|16|57|67.3|72|||||||6|12|18|0|0|0|0.5|1.75|3||||1.46|1.47|1.48||||1.49|1.5|1.52||4|9|14|0.2|0.21|0.22||||19.1|25.3|29.5|4.2|9.5|14.7|41|41|41|0.3|0.6|1.1|18|26|34|3|7|12|0|4|11|".49"|".49"|0|0|0|0|0|0|0|0|0|0|0|2||||1.3|3.1|5.7|1.7|3.9|9.7|4.5|5.3|6||||||||||2.3|6.2|10.2|||||||||||||||||||||"21852167"|"64442384"
"Bgxb"||"B"|||127|143|183|203|203|203|20|60|76|0|0|0|0|0|0|100|100|100|100|100|100|93|99|100|82|92|100|8|11.6|15|0.1|0.2|0.3|0.3|0.4|0.5|0.6|0.9|1.2|2.4|3.4|4.4|4.6|6.7|8.6|53|69.4|86|||||||6|19|32|0|0|0|0.5|0.75|1||||1.56|1.58|1.59||||1.56|1.58|1.59||1.4|7|14|0.14|0.16|0.18||||19.5|28.4|33.8|4.6|13.1|21.6|37|38|39|0|0|0|18|29|41|3|12|22|0|9|23|".49"|".49"|0|0|0|0|0|0|0|0|0|0|0|2||||1.5|5.8|11.1|1.2|3.8|10.4|4.5|5|5.5||||||||||3.1|6.1|9.2|||||||||||||||||||||"21852167"|"64442385"
"Bw"||"B"|||10|15|23|23|36|43|0|21|33|0|0|0|0|0|0|100|100|100|100|100|100|95|99|100|80|87|91|15|20.7|25|0|0.1|0.1|0.3|0.4|0.5|0.9|1.2|1.5|4.2|5.7|6.9|9.6|13.3|16|57|67.3|72|||||||6|12|18|0|0|0|0.5|1|1.5||||1.49|1.51|1.53||||1.52|1.54|1.56||4|9|14|0.2|0.21|0.22||||19.2|24.5|28.3|4.4|8.7|13|39|40|41|0.3|0.7|1.1|18|24|31|3|7|12|0|4|10|".55"|".55"|0|0|0|0|0|0|0|0|0|0|0|2||||1.4|3.3|5.7|1|2.8|5|4.5|5|5.5||||||||||3.1|5.5|7.9|||||||||||||||||||||"21852167"|"64442386"
"Cg"||"C"|||23|36|43|127|143|183|84|107|160|0|0|0|0|0|0|100|100|100|100|100|100|95|99|100|80|87|91|15|20.7|25|0|0.1|0.1|0.3|0.4|0.5|0.9|1.2|1.5|4.2|5.7|6.9|9.6|13.3|16|57|67.3|72|||||||6|12|18|0|0|0|0|0.5|1||||1.39|1.43|1.47||||1.42|1.46|1.49||4|9|14|0.2|0.21|0.22||||17.7|23.3|27.2|3.4|7.5|11.6|42|43|45|0.3|0.7|1.3|17|23|30|3|7|12|0|3|9|".55"|".55"|0|0|0|0|0|0|0|0|0|0|0|2||||1.5|3.6|8.4|3|3|4.3|4.5|5|5.5||||||||||2.3|4.7|7.1|||||||||||||||||||||"21852167"|"64442387"
"Ap"||"A"|||0|0|0|10|15|23|10|15|23|0|0|0|0|0|0|100|100|100|100|100|100|95|99|100|80|87|91|15|20.7|25|0|0.1|0.1|0.3|0.4|0.5|0.9|1.2|1.5|4.2|5.7|6.9|9.6|13.3|16|57|67.3|72|||||||6|12|18||||0.5|1.75|3||||1.46|1.47|1.48||||1.5|1.51|1.53||4|9|14|0.2|0.21|0.22||||19.1|25.3|29.5|4.2|9.5|14.7|41|41|41|0.3|0.8|1.4|18|26|34|3|7|12|0|4|11|".49"|".49"|0|0|0|0|0|0|0|0|0|0|0|0||||1.9|5.5|9.4|2.2|5.3|11|4.5|5.3|6||||||||||2.3|6.2|10.2|||||||||||||||||||||"21852166"|"64442382"
"C"||"C"|||10|15|23|203|203|203|180|188|193|0|0|0|0|0|0|100|100|100|100|100|100|95|99|100|80|87|91|15|20.7|20.7|0|0.1|0.1|0.3|0.4|0.5|0.9|1.2|1.5|4.2|5.7|6.9|9.6|13.3|16|57|67.3|72|||||||6|12|18||||0|0.5|1||||1.39|1.43|1.47||||1.42|1.46|1.48||4|9|14|0.2|0.21|0.22||||17.7|23.3|27.2|3.4|7.5|11.6|42|43|45|0.2|0.7|1.1|17|23|30|3|7|12|0|3|9|".55"|".55"|0|0|0|0|0|0|0|0|0|0|0|0||||0.5|3.4|6.1|3|3|3.3|4.5|5|5.5||||||||||2.3|4.7|7.1|||||||||||||||||||||"21852166"|"64442383"
"C"||"C"||||141|||183|||42||0|0|0|0|0|0|100|100|100|100|100|100|75|85|95|30|40|55|40|66.1|||0|||2.4|||14.2|||33.1|||16.4|||14.9||||||||10|19|30||||0|0.25|0.5||||1.3|1.5|1.7|||||1.57|||4|23|42|0.08|0.13|0.18|||||22.2|||13.2|||41||0|1.5|2.9|10|20|30|0|7.5|15|0|0|5|".24"|".24"|0|0|0|0|0|0|0|0|0|0|0|0||||2|11|20||||4.5|5.3|6|||||||||||||||||||||||||||||||||"21852164"|"64442377"
"Ap"||"A"||||0|||18|||18||0|0|0|0|0|0|100|100|100|100|100|100|85|92.5|100|45|60|75|1|11.7|||0.2|||0.4|||0.9|||3.5|||6.7|||69.8||||||||10|18.5|27||||0.5|1.25|2||||1.3|1.5|1.7|||||1.57|||4|9|14|0.15|0.2|0.24|||||28.2|||12.8|||41||0|1.5|2.9|15|20|25|0|2|4|0|0|1|".37"|".37"|0|0|0|0|0|0|0|0|0|0|0|0|5|10|15|||||||4.5|5.9|7.3|||||||||||||||||||||||||||||||||"21852164"|"64442378"
"BC"||"BC"||||102|||141|||39||0|0|0|0|0|0|100|100|100|100|100|100|75|85|95|30|45|60|30|37.4|||0|||0.1|||0.8|||7.7|||28.8|||42.6||||||||10|20|32||||0|0.25|0.5||||1.3|1.5|1.7|||||1.57|||4|23|42|0.08|0.13|0.18|||||27.8|||12.3|||41||0|1.5|2.9|10|20|30|0|7.5|15|0|0|6|".49"|".49"|0|0|0|0|0|0|0|0|0|0|0|0||||2|11|20||||4.5|5.3|6|||||||||||||||||||||||||||||||||"21852164"|"64442379"
"BE"||"BE"||||18|||36|||18||0|0|0|0|0|0|100|100|100|100|100|100|90|95|100|65|77.5|90|1|11.7|||0.2|||0.4|||0.9|||3.5|||6.7|||69.8||||||||10|18.5|27||||0.5|1|1.5||||1.3|1.5|1.7|||||1.57|||4|9|14|0.15|0.2|0.24|||||27.9|||12.5|||41||0|1.5|2.9|15|26.5|38|5|10.5|16|0|5|14|".49"|".49"|0|0|0|0|0|0|0|0|0|0|0|0||||5|10|15||||4.5|5.3|6|||||||||||||||||||||||||||||||||"21852164"|"64442380"
"Bt"||"B"||||36|||102|||66||0|0|0|0|0|0|100|100|100|100|100|100|90|95|100|70|80|90|0.5|7.2|||0|||0|||0.2|||2|||5|||70.3||||||||10|22.5|35||||0|0.5|1||||1.4|1.55|1.7|||||1.62|||4|9|14|0.15|0.2|0.24|||||29.5|||14.7|||39||0|1.5|2.9|28|34|40|8|13|18|3|9|17|".49"|".49"|0|0|0|0|0|0|0|0|0|0|0|0||||8|16.5|25||||4.5|5.3|6|||||||||||||||||||||||||||||||||"21852164"|"64442381"
"Ap"||"A"|||0|0|0|10|15|20|10|15|20|0|0|0|0|0|0|100|100|100|100|100|100|91|99|100|82|94|100|0.5|7.3|32|0|0.4|1.8|0|0.6|2.6|0.1|1|4.4|0.2|2.3|10|0.2|3|13.2|45|68.7|83|||||||14|24|35|0|0|0|0.5|0.75|1||||1.45|1.48|1.51||||1.59|1.62|1.72||1.4|2.7|4|0.2|0.21|0.22||||24.8|29.9|34|9|15.2|22|40|41|42|1.4|3.1|5.2|26|36|47|9|16|25|5|15|28|".49"|".49"|0|1|3|0|0|0|0|0|0|0|0|2|11.7|19.3|27.5||||4.1|28.5|55.6|6.1|7.3|8.4||||||||||0|4.6|14.8|||||||||||||||||||||"21852170"|"64442398"
"Bw"||"B"|||10|15|20|35|140|152|15|125|142|0|0|0|0|0|0|100|100|100|100|100|100|91|99|100|82|94|100|0.5|7.3|32|0|0.4|1.8|0|0.6|2.6|0.1|1|4.4|0.2|2.3|10|0.2|3|13.2|45|62.7|83|||||||14|30|35|0|0|0|0.5|0.75|1||||1.33|1.4|1.47||||1.51|1.58|1.63||1.4|2.7|4|0.2|0.21|0.22||||24.3|31.6|33.4|8.5|17.7|20.8|42|44|47|1.4|4.2|5.2|26|41|47|9|21|25|5|20|28|".43"|".43"|0|1|3|0|0|0|0|0|0|0|0|2|11.7|23.6|27.5||||3.4|32.8|55.6|6.1|7.3|8.4||||||||||0|6.7|14.8|||||||||||||||||||||"21852170"|"64442399"
"Bg"||"B"|||35|140|152|152|183|200|26|43|165|0|0|0|0|0|0|100|100|100|100|100|100|91|99|100|82|94|100|0.5|7.3|32|0|0.4|1.8|0|0.6|2.6|0.1|1|4.4|0.2|2.3|10|0.2|3|13.2|45|62.7|83|||||||14|30|35|0|0|0|0.5|0.75|1||||1.32|1.4|1.49||||1.5|1.58|1.63||1.4|2.7|4|0.2|0.21|0.22||||24.3|31.6|33.4|8.5|17.7|20.8|41|44|47|1.4|4.2|5.2|26|41|47|9|21|25|5|20|28|".43"|".43"|0|1|3|0|0|0|0|0|0|0|0|2|11.7|23.6|27.5||||3.4|32.8|55.6|6.1|7.3|8.4||||||||||0|6.7|14.8|||||||||||||||||||||"21852170"|"64442400"
"C"||"C"|||10|15|20|40|58|75||43||0|0|0|0|0|0|100|100|100|100|100|100|92|99|100|76|87|98|6|20.7|32|0|0.1|0.1|0.1|0.4|0.6|0.3|1.2|1.9|1.7|5.7|8.8|3.9|13.3|20.6|50|67.3|88|||||||6|12|18|0|0|0|0.5|0.75|1||||1.31|1.41|1.47||||1.31|1.41|1.47||4|9|14|0.2|0.21|0.22||||18.9|23.8|27.3|4.2|7.9|11.7|42|43|44|0.3|0.7|1.1|18|24|30|3|7|12|0|2|9|".55"|".55"|0|0|0|0|0|0|0|0|0|0|0|0||||1.5|3.4|5.7|3|3.1|3.4|4.5|5|5.5||||||||||3.1|5.1|7.1|||||||||||||||||||||"21852188"|"64442446"
"Ap"||"A"|||0|0|0|10|15|20||15||0|0|0|0|0|0|100|100|100|100|100|100|92|99|100|76|87|98|6|20.7|32|0|0.1|0.1|0.1|0.4|0.6|0.3|1.2|1.9|1.7|5.7|8.8|3.9|13.3|20.6|50|67.3|88|||||||6|12|18|0|0|0|0.5|1.25|2||||1.31|1.41|1.47||||1.31|1.41|1.47||4|9|14|0.2|0.21|0.22||||18.8|24.4|28.2|4.1|8.5|12.9|41|43|45|0.3|0.6|1.1|18|25|32|3|7|12|0|2|9|".49"|".49"|0|0|0|0|0|0|0|0|0|0|0|0||||1.4|3.2|5.7|1.2|1.6|5.9|4.5|5|5.5||||||||||3.1|5.9|8.7|||||||||||||||||||||"21852188"|"64442447"
"Cg"||"C"|||40|58|75|122|183|200||125||0|0|0|0|0|0|100|100|100|100|100|100|91|99|100|80|92|100|6|11.6|20|0.1|0.2|0.3|0.2|0.4|0.8|0.5|0.9|1.6|1.8|3.4|5.8|3.4|6.7|11.5|48|69.4|88|||||||6|19|32|0|0|0|0.25|0.5|0.75||||1.3|1.4|1.49||||1.31|1.44|1.5||0.42|7|14|0.14|0.18|0.22||||18.2|26.9|32.2|3.7|11.3|18.8|41|44|48|0.3|1.2|2.8|17|30|42|3|12|22|5|11|19|".49"|".49"|0|0|0|0|0|0|0|0|0|0|0|0||||1.5|6.1|12|3.4|4.5|6.4|4.5|5|5.5||||||||||2.7|5.7|8.8|||||||||||||||||||||"21852188"|"64442448"
"Cg"||"C"|||61|76|102|200|200|200|98|124|139|0|0|0|0|0|0|100|100|100|100|100|100|91|99|100|75|87|99|3|20.8|32|0|0.1|0.1|0.1|0.4|0.6|0.2|1.2|1.9|0.8|5.8|8.8|1.9|13.3|20.6|50|67.7|92|||||||5|11.5|18|0|0|0|0.5|0.75|1||||1.44|1.45|1.46||||1.51|1.52|1.58||4|9|14|0.2|0.22|0.24||||18|23.5|27.3|3.6|7.7|11.8|42|42|43|0.2|0.6|1.1|17|23|30|2|7|12|0|3|11|".55"|".55"|0|0|0|0|0|0|0|0|0|0|0|0||||1.2|3.3|5.7|3|3.1|3.4|4.5|5|5.5||||||||||2.9|5|7.1|||||||||||||||||||||"21852187"|"64442443"
"Ap"||"A"|||0|0|0|15|18|23|15|18|23|0|0|0|0|0|0|100|100|100|100|100|100|92|99|100|76|87|97|5|20.8|34|0|0.1|0.1|0.1|0.4|0.6|0.3|1.2|1.9|1.7|5.8|8.8|3.9|13.3|20.6|50|67.7|88|||||||7|11.5|16|0|0|0|0.5|1.25|2||||1.37|1.43|1.49||||1.44|1.5|1.56||4|9|14|0.16|0.2|0.24||||19.7|24.1|27.4|4.7|8.3|11.8|41|43|45|0.3|0.6|0.9|19|25|30|3|7|10|0|1|6|".49"|".49"|0|0|0|0|0|0|0|0|0|0|0|0||||1.6|3.1|5|1.2|1.6|4.2|4.5|5|5.5||||||||||3.2|5.8|8.4|||||||||||||||||||||"21852187"|"64442444"
"C"||"C"|||15|18|23|61|76|102|38|58|87|0|0|0|0|0|0|100|100|100|100|100|100|91|99|100|75|87|99|3|20.8|32|0|0.1|0.1|0.1|0.4|0.6|0.2|1.2|1.9|0.8|5.8|8.8|1.9|13.3|20.6|50|67.7|92|||||||5|11.5|18|0|0|0|0.5|0.75|1||||1.44|1.45|1.46||||1.51|1.52|1.58||4|9|14|0.2|0.22|0.24||||18|23.5|27.3|3.6|7.7|11.8|42|42|43|0.2|0.6|1.1|17|23|30|2|7|12|0|3|11|".55"|".55"|0|0|0|0|0|0|0|0|0|0|0|0||||1.2|3.3|5.7|3|3.1|3.4|4.5|5|5.5||||||||||2.9|5|7.1|||||||||||||||||||||"21852187"|"64442445"
