"Btg1"||"B"||1||61|||102|||41||0|0|0|0|0|0|100|100|100|95|97.5|100|85|92.5|100|70|82.5|95|3|7.3|30|0|0.4|0.5|0|0.6|1|0|1|3|1|2.3|15|2|3|20|44.2|64.7|85.2|||||9.8||11.8|28|32|0|0|0|0.5|0.75|1||||1.35|1.45|1.55||||1.42|1.52|1.58|2.65|0.42|1|1.4|0.13|0.17|0.2||||26|30.8|32.8|10.8|17|19.8|38|42|46|1.6|2.3|2.9|25|30|35|8|11|14|3|7|13|".49"|".49"|0|0|0|0|0|0|0|0|0|0|0.1|2||||10|15|20|0|2.5|5|4.5|5|5.5||||||||||10.2|17.4|23.4|||||||||||||||||||||"21847335"|"64430765"
"A"||"A"||||0|||8|||8||0|0|0|0|0|0|100|100|100|95|97.5|100|85|92.5|100|50|70|90|2|14|30|0|0.1|0.5|0|0.4|1|0|1|3|1|4|15|2|8.5|20|50|71|88|||||12.4||3.5|15|25|0|0|0|0.5|1.75|3||||1.35|1.45|1.55||||1.42|1.52|1.58|2.63|4|9|14|0.13|0.17|0.2||||17.5|26.4|32|3.5|10.9|18.4|37|41|45|0.6|1.5|2.3|15|22.5|30|0|5|10|0|1|8|".49"|".49"|0|0|0|0|0|0|0|0|0|0|0.1|2||||5|10|15|0|2.5|5|4.5|5.3|6||||||||||4.1|12.5|20.9|||||||||||||||||||||"21847335"|"64430766"
"Btg2"||"B"||2||102|||142|||40||0|0|0|0|0|0|100|100|100|95|97.5|100|85|92.5|100|60|77.5|95|3|7|30|0|0|0.5|0|0|1|0|0.2|3|1|1.9|15|2|4.9|20|44.5|69.5|85|||||10||12|23.5|35|0|0|0|0|0.25|0.5||||1.35|1.45|1.55||||1.42|1.52|1.58|2.66|1.4|2.7|4|0.13|0.17|0.2||||22.1|28.6|33.5|6.8|13.8|20.9|38|42|46|1.4|2.2|3|15|25|35|4|9.5|15|0|5|14|".55"|".55"|0|0|0|0|0|0|0|0|0|0|0.1|2||||10|15|20|0|2.5|5|4.5|5|5.5||||||||||9.5|16.2|23|||||||||||||||||||||"21847335"|"64430767"
"Eg"||"E"||||8|||61|||53||0|0|0|0|0|0|100|100|100|95|97.5|100|85|92.5|100|50|70|90|3|14.3|42.8|0|0.1|0.5|0|0.4|1|0|1|3|1|4.1|15|2|8.7|45|37.2|73.2|88|||||14.8||5|12.5|20|0|0|0|0.5|0.75|1||||1.35|1.45|1.55||||1.42|1.52|1.58|2.64|4|9|14|0.13|0.17|0.2||||17.5|23.8|28.2|3.5|8.2|12.9|38|42|46|0.7|1.4|2.1|15|22.5|30|0|3.5|7|0|0|6|".55"|".55"|0|0|0|0|0|0|0|0|0|0|0.1|2||||5|10|15|0|2.5|5|4.5|5|5.5||||||||||4.9|11.2|17.5|||||||||||||||||||||"21847335"|"64430768"
"Cg"||"C"||||142|||203|||61||0|0|0|0|0|0|100|100|100|95|97.5|100|85|92.5|100|60|77.5|95|3|7.5|30|0|0.4|0.5|0|0.6|1|0|1|3|1|2.4|15|2|3.1|20|39.5|64.5|85|||||8.5||12|28|35|0|0|0|0|0.25|0.5||||1.35|1.45|1.55||||1.42|1.52|1.58|2.66|1.4|2.7|4|0.13|0.17|0.2||||22.1|30.4|33.5|6.8|16.3|20.9|38|42|46|1.4|2.3|3|15|25|35|4|9.5|15|0|5|14|".49"|".49"|0|0|0|0|0|0|0|0|0|0|0.1|2||||10|15|20|0|2.5|5|4.5|5|5.5||||||||||9.5|16.7|23|||||||||||||||||||||"21847335"|"64430769"
"Bw"||"B"||||18|||56|||38||0|0|0|0|0|0|100|100|100|100|100|100|95|97.5|100|90|95|100|0.5|7|||0|||0|||0.2|||1.9|||4.9|||69||||||||18|24|30|0|||0.1|0.55|1||||1.4|1.45|1.5||||1.47|1.52|1.58|2.67|4|9|14|0.2|0.22|0.23||||26.3|29.5|32.1|10.6|14.6|18.7|41|43|44|0|1.5|2.9|27|33.5|40|8|13.5|19|5|12|20|".55"|".55"|0|0|0|0|0|0|0|0|0|0|0|0||||5|10|15|2|8|14|4.5|5.3|6||||||||||1.4|6.4|11.9|||||||||||||||||||||"21847342"|"64430781"
"Btx2"||"B"||2||94|||183|||89||0|0|0|0|0|0|100|100|100|100|100|100|95|97.5|100|90|95|100|0.5|7|||0|||0|||0.2|||1.9|||4.9|||69.5||||||||15|23.5|32|0|||0|0.25|0.5||||1.45|1.53|1.6||||1.52|1.6|1.67|2.67|0.42|1|1.4|0.1|0.11|0.12||||25|29.6|33.1|9.2|14.7|20.3|37|40|43|0|1.5|2.9|25|35|45|5|14.5|24|3|14|26|".55"|".55"|0|0|0|0|0|0|0|0|0|0|0|0|5|10|15||||2|8|14|5.1|6.2|7.3||||||||||0|3.6|8|||||||||||||||||||||"21847342"|"64430780"
"Btx1"||"B"||1||66|||94|||28||0|0|0|0|0|0|100|100|100|100|100|100|95|97.5|100|90|95|100|0.5|7|||0.4|||0.6|||0.9|||2.2|||2.9|||65||||||||15|28|32|0|||0.1|0.3|0.5||||1.45|1.53|1.6||||1.52|1.6|1.67|2.67|0.42|1|1.4|0.1|0.11|0.12||||25.2|31.4|33.1|9.3|17.5|20.3|37|40|43|0|1.5|2.9|25|35|45|5|14.5|24|3|14|26|".49"|".49"|0|0|0|0|0|0|0|0|0|0|0|0||||5|10|15|2|8|14|4.5|5.3|6||||||||||0.9|6.8|11.5|||||||||||||||||||||"21847342"|"64430779"
"A"||"A"||||0|||18|||18||0|0|0|0|0|0|100|100|100|100|100|100|95|97.5|100|90|95|100|1|14.2|||0.1|||0.4|||1|||4.1|||8.6|||71.8||||||||12|14|16|0|||0.5|1.25|2||||1.4|1.45|1.5||||1.47|1.52|1.58|2.64|4|9|14|0.2|0.22|0.23||||23.5|25.6|27.5|7.7|9.8|12|40|42|44|0|1.5|2.9|25|28|31|4|5.5|7|2|4|7|".49"|".49"|0|0|0|0|0|0|0|0|0|0|0|0|6.4|7.6|8.7||||2|8|14|5.1|5.6|6||||||||||3.6|5.5|7.7|||||||||||||||||||||"21847342"|"64430777"
"E'"||"E"|"'"|||56|||66|||10||0|0|0|0|0|0|100|100|100|100|100|100|95|97.5|100|90|95|100|1|14.2|||0.1|||0.4|||1|||4.1|||8.6|||71.8||||||||12|14|16|0|||0.1|0.55|1||||1.35|1.43|1.5||||1.42|1.5|1.56|2.66|4|9|14|0.2|0.22|0.23||||22.7|24.6|26.2|7|8.8|10.5|41|43|46|0|1.5|2.9|20|25|30|5|7.5|10|1|5|9|".64"|".64"|0|0|0|0|0|0|0|0|0|0|0|0||||5|10|15|2|8|14|4.5|5.3|6||||||||||0.3|4.5|9.2|||||||||||||||||||||"21847342"|"64430778"
"A"||"A"||||0|||18|||18||0|0|0|0|0|0|100|100|100|100|100|100|95|97.5|100|90|95|100|1|14.2|||0.1|||0.4|||1|||4.1|||8.6|||71.8||||||||12|14|16|0|||0.5|1.25|2||||1.4|1.45|1.5||||1.47|1.52|1.58|2.64|4|9|14|0.2|0.22|0.23||||23.5|25.6|27.5|7.7|9.8|12|40|42|44|0|1.5|2.9|25|28|31|4|5.5|7|2|4|7|".49"|".49"|0|0|0|0|0|0|0|0|0|0|0|0|6.4|7.6|8.7||||2|8|14|5.1|5.6|6||||||||||3.6|5.5|7.7|||||||||||||||||||||"21847404"|"64430853"
"Btx1"||"B"||1||66|||94|||28||0|0|0|0|0|0|100|100|100|100|100|100|95|97.5|100|90|95|100|0.5|7|||0.4|||0.6|||0.9|||2.2|||2.9|||65||||||||15|28|32|0|||0.1|0.3|0.5||||1.45|1.53|1.6||||1.52|1.6|1.67|2.67|0.42|1|1.4|0.1|0.11|0.12||||25.2|31.4|33.1|9.3|17.5|20.3|37|40|43|0|1.5|2.9|25|35|45|5|14.5|24|3|14|26|".49"|".49"|0|0|0|0|0|0|0|0|0|0|0|0||||5|10|15|2|8|14|4.5|5.3|6||||||||||0.9|6.8|11.5|||||||||||||||||||||"21847404"|"64430855"
"Btx2"||"B"||2||94|||183|||89||0|0|0|0|0|0|100|100|100|100|100|100|95|97.5|100|90|95|100|0.5|7|||0|||0|||0.2|||1.9|||4.9|||69.5||||||||15|23.5|32|0|||0|0.25|0.5||||1.45|1.53|1.6||||1.52|1.6|1.67|2.67|0.42|1|1.4|0.1|0.11|0.12||||25|29.6|33.1|9.2|14.7|20.3|37|40|43|0|1.5|2.9|25|35|45|5|14.5|24|3|14|26|".55"|".55"|0|0|0|0|0|0|0|0|0|0|0|0|5|10|15||||2|8|14|5.1|6.2|7.3||||||||||0|3.6|8|||||||||||||||||||||"21847404"|"64430856"
"Bw"||"B"||||18|||56|||38||0|0|0|0|0|0|100|100|100|100|100|100|95|97.5|100|90|95|100|0.5|7|||0|||0|||0.2|||1.9|||4.9|||69||||||||18|24|30|0|||0.1|0.55|1||||1.4|1.45|1.5||||1.47|1.52|1.58|2.67|4|9|14|0.2|0.22|0.23||||26.3|29.5|32.1|10.6|14.6|18.7|41|43|44|0|1.5|2.9|27|33.5|40|8|13.5|19|5|12|20|".55"|".55"|0|0|0|0|0|0|0|0|0|0|0|0||||5|10|15|2|8|14|4.5|5.3|6||||||||||1.4|6.4|11.9|||||||||||||||||||||"21847404"|"64430857"
"E'"||"E"|"'"|||56|||66|||10||0|0|0|0|0|0|100|100|100|100|100|100|95|97.5|100|90|95|100|1|14.2|||0.1|||0.4|||1|||4.1|||8.6|||71.8||||||||12|14|16|0|||0.1|0.55|1||||1.35|1.43|1.5||||1.42|1.5|1.56|2.66|4|9|14|0.2|0.22|0.23||||22.7|24.6|26.2|7|8.8|10.5|41|43|46|0|1.5|2.9|20|25|30|5|7.5|10|1|5|9|".64"|".64"|0|0|0|0|0|0|0|0|0|0|0|0||||5|10|15|2|8|14|4.5|5.3|6||||||||||0.3|4.5|9.2|||||||||||||||||||||"21847404"|"64430854"
"Btg1"||"B"||1||36|||109|||73||0|0|0|0|0|0|100|100|100|100|100|100|94|97|100|75|85|95|0.5|7.1|||0.4|||0.6|||1|||2.2|||2.9|||65.4||||||||20|27.5|35|0|||0.5|0.75|1||||1.35|1.53|1.7||||1.42|1.6|1.77|2.66|0.42|1|1.4|0.15|0.19|0.22||||28.2|31.6|34.5|12.9|17.9|22.7|33|39|46|0|1.5|2.9|22|31|40|6|12|18|2|9|18|".49"|".49"|0|0|0|0|3|5|0|0|0|0|0|0|10|20|30|10|20|30|6|13|20|4.5|5.3|6||||||||||2.4|7.4|12.8|||||||||||||||||||||"21847338"|"64430770"
"Btg2"||"B"||2||109|||203|||94||0|0|0|0|0|0|100|100|100|100|100|100|95|97.5|100|50|72.5|95|0.5|7.1|||0.4|||0.6|||1|||2.2|||2.9|||65.4||||||||20|27.5|35|0|||0.5|0.75|1||||1.35|1.53|1.7||||1.42|1.6|1.77|2.66|0.42|1|1.4|0.15|0.19|0.22||||28.2|31.6|34.5|12.9|17.9|22.7|33|39|46|0|1.5|2.9|15|27.5|40|0|9|18|0|4|18|".49"|".49"|0|0|0|0|3|5|0|5|10|0|0|0|10|20|30||||6|13|20|4.5|6.5|8.4||||||||||0|5.1|13.2|||||||||||||||||||||"21847338"|"64430771"
"A"||"A"||||0|||36|||36||0|0|0|0|0|0|100|100|100|100|100|100|95|97.5|100|65|77.5|90|1|13.9|||0.1|||0.4|||1|||4|||8.4|||70.1||||||||7|16|25|0|||0.5|2.25|4||||1.35|1.5|1.65||||1.42|1.57|1.72|2.63|4|9|14|0.2|0.22|0.23||||20.1|28.1|33.2|4.9|12.8|20.4|34|40|45|0|1.5|2.9|15|21|27|0|3.5|7|0|0|5|".49"|".49"|0|0|0|0|0|0|0|0|0|0|0|0|4|7|10||||2|7|13|5.1|5.6|6||||||||||3.1|6|9.3|||||||||||||||||||||"21847338"|"64430772"
"Btg1"||"B"||1||36|||109|||73||0|0|0|0|0|0|100|100|100|100|100|100|94|97|100|75|85|95|0.5|7.1|||0.4|||0.6|||1|||2.2|||2.9|||65.4||||||||20|27.5|35|0|||0.5|0.75|1||||1.35|1.53|1.7||||1.42|1.6|1.77|2.66|0.42|1|1.4|0.15|0.19|0.22||||28.2|31.6|34.5|12.9|17.9|22.7|33|39|46|0|1.5|2.9|22|31|40|6|12|18|2|9|18|".49"|".49"|0|0|0|0|3|5|0|0|0|0|0|0|10|20|30|10|20|30|6|13|20|4.5|5.3|6||||||||||2.4|7.4|12.8|||||||||||||||||||||"21847398"|"64430846"
"Btg2"||"B"||2||109|||203|||94||0|0|0|0|0|0|100|100|100|100|100|100|95|97.5|100|50|72.5|95|0.5|7.1|||0.4|||0.6|||1|||2.2|||2.9|||65.4||||||||20|27.5|35|0|||0.5|0.75|1||||1.35|1.53|1.7||||1.42|1.6|1.77|2.66|0.42|1|1.4|0.15|0.19|0.22||||28.2|31.6|34.5|12.9|17.9|22.7|33|39|46|0|1.5|2.9|15|27.5|40|0|9|18|0|4|18|".49"|".49"|0|0|0|0|3|5|0|5|10|0|0|0|10|20|30||||6|13|20|4.5|6.5|8.4||||||||||0|5.1|13.2|||||||||||||||||||||"21847398"|"64430847"
"A"||"A"||||0|||36|||36||0|0|0|0|0|0|100|100|100|100|100|100|95|97.5|100|65|77.5|90|1|13.9|||0.1|||0.4|||1|||4|||8.4|||70.1||||||||7|16|25|0|||0.5|2.25|4||||1.35|1.5|1.65||||1.42|1.57|1.72|2.63|4|9|14|0.2|0.22|0.23||||20.1|28.1|33.2|4.9|12.8|20.4|34|40|45|0|1.5|2.9|15|21|27|0|3.5|7|0|0|5|".49"|".49"|0|0|0|0|0|0|0|0|0|0|0|0|4|7|10||||2|7|13|5.1|5.6|6||||||||||3.1|6|9.3|||||||||||||||||||||"21847398"|"64430848"
"Bssg"||"B"|||10|15|25|70|76|137|60|61|66|0|0|0|0|0|0|100|100|100|100|100|100|93|100|100|88|99|100|0.5|1.8|3|0|0|0|0|0|0.1|0|0.1|1|0|0.5|2|0.5|1.2|2|12|28.2|44.5|||||||55|70|85|0|0|2|0.5|0.75|1||||1.17|1.29|1.4||||1.78|1.88|1.95|2.65|0|0.21|0.42|0.12|0.15|0.18||||42.1|44.6|46.7|29.3|37.4|45.4|44|48|53|9|17|25|65|83|101|40|52|65|40|61|79|".20"|".20"|0|0|0|0|0|0|0|0|0|0|0|0|38.7|48.3|57.6||||11|29|48|5.1|6.2|7.3||||||||||3.6|8.2|12.8|||||||||||||||||||"Moderate"|"Moist"|"21847349"|"64430793"
"Bkss"||"B"|||70|76|137|190|203|203|120|127|130|0|0|0|0|0|0|100|100|100|100|100|100|93|100|100|88|99|100|0.5|1.8|3|0|0|0|0|0|0.1|0|0.1|1|0|0.5|2|0.5|1.2|2|12|28.2|44.5|||||||55|70|85|0|1.8|3|0|0.25|0.5||||1.17|1.26|1.35||||1.75|1.85|1.96|2.65|0|0.21|0.42|0.12|0.15|0.18||||39.4|43.6|47.4|26.3|35.2|44.5|43|48|53|9|17|25|45|65|80|40|53|65|23|46|72|".20"|".20"|0|0|0|0|0|0|0|0|0|0|0|0|34.6|46.5|56.3||||16|33|50|6.1|7.3|8.4||||||||||0|3.9|8.9|||||||||||||||||||"Moderate"|"Moist"|"21847349"|"64430792"
"Ap"||"A"|||0|0|0|10|15|25|10|15|25|0|0|0|0|0|0|100|100|100|100|100|100|91|100|100|85|99|100|0.5|1.8|3|0|0|0|0|0|0.1|0|0.1|1|0|0.5|2|0.5|1.2|2|17|38.2|59.5|||||||40|60|80|0|0|0|0.5|2.25|4||||1.2|1.38|1.55||||1.53|1.71|1.78|2.65|0|0.21|0.42|0.12|0.15|0.18||||33.8|41.1|44|22.1|34.6|39.6|38|44|51|6|7.5|8.9|45|60|75|29|44|58|24|47|65|".24"|".24"|0|0|0|0|0|0|0|0|0|0|0|0|20|35|50|20|34.6|51.3|7|21|41|4.5|5.3|6||||||||||4.8|12.5|20.5|||||||||||||||||||"Moderate"|"Moist"|"21847349"|"64430791"
"Bg"||"B"|||30|38|56|43|114|132|13|76|102|0|0|0|0|0|0|100|100|100|100|100|100|95|100|100|83|90|98|5|16|18|0|0|0.9|0|0|1.5|0.1|0.4|2.4|1.4|4.4|5.7|3.5|11.2|12.2|50|60|75|||||||20|24|32|0|0|0|0|0.2|0.5||||1.44|1.46|1.47||||1.51|1.53|1.58||4|9|14|0.2|0.22|0.24||||27.2|29.2|32.5|11.7|14.3|19.3|42|43|43|1|1.5|2.6|29|33|42|13|16|22|9|13|24|".49"|".49"|0|0|0|0|0|0|0|0|0|0|1|2||||5.2|7.3|10.2|0.9|3.9|8.7|4.5|5|5.5||||||||||7.7|10.3|13.7|||||||||||||||||||||"21847362"|"64430807"
"Cg"||"C"|||43|114|132|91|183|203|15|69|127|0|0|0|0|0|0|100|100|100|100|100|100|92|99|100|78|89|100|10|17|30|0|0.2|0.3|0.2|0.5|0.6|0.8|1.2|1.3|3|4.9|6.6|5.8|10.2|22.3|50|68|85|||||||5|15|20|0|0|0|0|0.2|0.5||||1.39|1.4|1.4||||1.42|1.43|1.45||4|9|14|0.2|0.22|0.24||||16.5|24.5|27.4|2.8|8.7|11.8|45|45|45|0.1|0.8|1.1|16|25|30|2|9|13|0|7|14|".55"|".55"|0|0|0|0|0|0|0|0|0|0|1|2||||1.1|3.9|5.9|1.1|2|3.9|4.5|5|5.5||||||||||4.7|8.1|10.9|||||||||||||||||||||"21847362"|"64430806"
"A"||"A"|||0|0|0|10|13|20|10|13|20|0|0|0|0|0|0|100|100|100|100|100|100|93|99|100|81|90|100|5|15|20|0|0.2|0.3|0|0.5|0.7|0.1|1.2|1.5|1.4|4.4|5.5|3.5|8.7|12.8|53|63|85|||||||10|22|27|0|0|0|1|2|3||||1.33|1.38|1.42||||1.39|1.44|1.47||4|9|14|0.19|0.21|0.23||||22.6|29.5|32.1|6.8|14.7|18.6|43|44|46|0.4|1.4|2.2|23|36|42|6|14|18|2|11|19|".43"|".43"|0|0|0|0|0|0|0|0|0|0|1|2||||2.7|7.2|10.1|0.9|4|7|4.5|5.1|5.5||||||||||7.6|13|17.7|||||||||||||||||||||"21847362"|"64430805"
"Bw"||"B"|||10|13|20|30|38|56|20|25|46|0|0|0|0|0|0|100|100|100|100|100|100|95|100|100|83|90|98|5|16|20|0|0|1|0|0|1.7|0|0.4|2.7|1.6|4.4|6.3|2|11.2|12.8|50|61|75|||||||20|23|30|0|0|0|0|0.5|1||||1.29|1.36|1.43||||1.35|1.42|1.46||4|9|14|0.2|0.21|0.23||||26.6|28.4|31.4|10.9|13.1|17.5|43|46|48|1|1.4|2.3|29|33|41|13|16|21|9|13|23|".49"|".49"|0|0|0|0|0|0|0|0|0|0|1|2||||5.2|7|9.5|0.9|3.8|7.7|4.5|5|5.5||||||||||7.7|10.6|14.1|||||||||||||||||||||"21847362"|"64430804"
"Btx"||"B"||||73|||183|||110||0|0|0|0|0|0|100|100|100|100|100|100|90|95|100|75|85|95||7.2|||0|||0|||0.2|||2|||5|||70.3||||||||10|22.5|35||||0|0.25|0.5||||1.65|1.73|1.8||||1.73|1.81|1.88|2.67|1.4|2.7|4|0.05|0.08|0.1||||22.6|30.4|35.6|6.9|16|25|30|33|36|0.6|1.3|2|30|35|40|11|13.5|16|6|11|16|".55"|".55"|0|0|0|0|0|0|0|0|0|0|0.9|1||||5|10|15|2.5|5|18|4.5|5.3|5.5||||||||||4.8|11.2|17.9|||||||||||||||||||||"21847384"|"64430829"
"Bx"||"B"||||183|||203|||20||0|0|0|0|0|0|100|100|100|100|100|100|90|95|100|75|85|95||7.2|||0|||0|||0.2|||2|||5|||70.3||||||||10|22.5|35||||0|0.5|1||||1.65|1.73|1.8||||1.73|1.81|1.88|2.66|1.4|2.7|4|0.05|0.08|0.1||||22.6|30.7|33.7|6.9|16.4|25.7|30|33|35|0.6|1.3|2|30|35|40|11|13.5|16|6|11|16|".55"|".55"|0|0|0|0|0|0|0|0|0|0|0.9|1||||5|10|15|0|2.5|5|4.5|5.3|5.5||||||||||4.8|11.6|18.6|||||||||||||||||||||"21847384"|"64430830"
"A"||"A"||||0|||10|||10||0|0|0|0|0|0|100|100|100|100|100|100|85|92.5|100|55|72.5|90||21.2|||0.1|||0.4|||1.2|||5.9|||13.6|||68.8||||||||5|10|15||||0.5|1.25|2||||1.35|1.4|1.45||||1.41|1.46|1.53|2.64|4|9|14|0.16|0.19|0.22||||17.8|23|26.7|3.5|7.3|11|42|44|46|0.7|1.3|1.9|15|20|25|0|4|8|0|0|5|".55"|".55"|0|0|0|0|0|0|0|0|0|0|0.9|1||||5|10|15|2.5|5|8|4.5|5.3|5.5||||||||||4.9|11.3|17.8|||||||||||||||||||||"21847384"|"64430825"
"E"||"E"||||10|||20|||10||0|0|0|0|0|0|100|100|100|100|100|100|85|92.5|100|55|72.5|90||21.2|||0.1|||0.4|||1.2|||5.9|||13.6|||68.8||||||||5|10|15||||0.25|0.5|1.25||||1.35|1.4|1.45||||1.41|1.46|1.53|2.65|4|9|14|0.16|0.19|0.22||||17.1|21.9|25.8|3.1|6.3|10|43|44|46|0.7|1.3|1.9|15|20|25|0|4|8|0|0|5|".55"|".55"|0|0|0|0|0|0|0|0|0|0|0.9|1||||5|10|15|2.5|5|10|4.5|5.3|5.5||||||||||4.6|10.2|16.7|||||||||||||||||||||"21847384"|"64430826"
"Bw"||"B"||||20|||56|||36||0|0|0|0|0|0|100|100|100|100|100|100|90|95|100|75|82.5|90||14.2|||0.1|||0.4|||1|||4.1|||8.6|||71.8||||||||10|14|18||||0.5|0.75|1||||1.45|1.5|1.55||||1.52|1.57|1.63|2.65|4|9|14|0.16|0.19|0.22||||22.4|25.3|27.6|6.7|9.5|12.2|39|41|42|0.9|1.5|2|15|20|25|0|4|8|0|0|5|".55"|".55"|0|0|0|0|0|0|0|0|0|0|0.9|1||||5|10|15|2.5|5|10|4.5|5.3|5.5||||||||||5.5|11|16.7|||||||||||||||||||||"21847384"|"64430827"
"E'"||"E"|"'"|||56|||73|||17||0|0|0|0|0|0|100|100|100|100|100|100|90|95|100|75|82.5|90||14.2|||0.1|||0.4|||1|||4.1|||8.6|||71.8||||||||10|14|18||||0.3|0.75|1||||1.45|1.5|1.55||||1.52|1.57|1.63|2.65|4|9|14|0.16|0.19|0.22||||22.4|25.3|27.6|6.7|9.5|12.2|39|41|42|0.9|1.5|2|15|20|25|0|4|8|0|0|5|".55"|".55"|0|0|0|0|0|0|0|0|0|0|0.9|1||||5|10|15|2.5|5|18|4.5|5.3|5.5||||||||||5.2|11|16.7|||||||||||||||||||||"21847384"|"64430828"
"E"||"E"|||5|10|20|25|38|45||28||0|0|0|0|0|0|90|95|100|90|95|100|50|67.5|85|36|48|60|59|68|75||0.3|||4.4|||15|||32.8|||9.7||15|21|26|||||||2|11|20||||0.25|0.75|1.25||||1.4|1.5|1.6||||1.47|1.57|1.64|2.64|4|9|14|0.1|0.13|0.15||||12.7|17.4|21.2|4.2|7.9|11.9|35|40|44|0.7|1.3|1.9|15|22.5|30|0|2|4|0|0|1|".28"|".28"|0|0|0|0|0|0|0|0|0|0|1|2||||5|10|15|0|2.5|5|4.5|5|5.5||||||||||4.7|11|17.3|||||||||||||||||||||"21847348"|"64430790"
"Bt3"||"B"||3|100|122|150|160|203|203||81||0|0|0|0|3|5|35|55|75|20|42.5|65|15|35|55|9|19.5|30|59|68|75||0.3|||5|||15|||29.4|||18.3||15|21|26|||||||2|11|20||||0|0.25|0.5||||1.65|1.75|1.8||||1.81|1.91|2.06|2.65|14|28|42|0.04|0.06|0.08||||5.7|12.3|22.3|3.3|7.9|19.1|8|17|26|0.4|0.9|1.6|20|32.5|45|2|9|16|0|0|0|".10"|".24"|0|0|0|0|0|0|0|0|0|0|1|2||||5|10|15|0|2.5|5|4.5|5|5.5||||||||||5.4|11.2|18.1|||||||||||||||||||||"21847348"|"64430789"
"Bt2"||"B"||2|40|71|90|100|122|150||51||0|0|0|0|0|0|60|75|90|50|67.5|85|45|60|75|20|32.5|45||37.9|||4.5|||6.1|||8.1|||14|||12.7||30|41.6|48|||||||8|13|18||||0|0.25|0.5||||1.65|1.73|1.8||||1.75|1.83|1.94|2.65|14|28|42|0.05|0.08|0.1||||16.9|22.8|31.2|7.5|14.2|22.4|18|25|32|0.7|1.3|2.1|25|36.5|48|2|10|22|0|0|4|".15"|".32"|0|0|0|0|0|0|0|0|0|0|1|2||||5|10|15|0|2.5|5|4.5|5|5.5||||||||||5.6|12.1|18.5|||||||||||||||||||||"21847348"|"64430788"
"Bt1"||"B"||1|25|38|45|40|71|90||33||0|0|0|0|0|0|80|90|100|65|82.5|100|60|75|90|36|48|60|35|45.4|55||4.5|||6.1|||8.1|||14|||12.7||30|41.6|48|||||||8|13|18||||0|0.25|0.5||||1.65|1.73|1.8||||1.74|1.82|1.91|2.65|4|9|14|0.1|0.13|0.15||||20.6|26.3|34.7|9.2|16.4|25|22|29|36|0.8|1.6|2.5|20|30|40|4|10.5|17|0|2|8|".32"|".32"|0|0|0|0|0|0|0|0|0|0|1|2||||5|10|15|0|2.5|5|4.5|5|5.5||||||||||5.6|12.1|18.5|||||||||||||||||||||"21847348"|"64430787"
"Ap"||"A"|||0|0|0|5|10|20|5|10|20|0|0|0|0|0|0|90|95|100|90|95|100|50|67.5|85|36|48|60|59|68|75||0.3|||5|||15|||29.4|||18.3||15|21|26|||||||2|11|20||||0.5|1.25|2||||1.4|1.5|1.6||||1.47|1.57|1.64|2.63|4|9|14|0.1|0.13|0.15||||13.2|18|22|4.5|8.6|12.9|35|39|44|0.7|1.3|1.9|15|22.5|30|0|2|4|0|0|1|".28"|".28"|0|0|0|0|0|0|0|0|0|0|1|2||||5|10|15|0|2.5|5|4.5|5|5.5||||||||||5|11.7|18.4|||||||||||||||||||||"21847348"|"64430786"
"Bw2"||"B"||2|70|76|110|120|127|180|50|51|70|0|0|0|0|0|0|100|100|100|100|100|100|91|98|100|82|93|100|0.5|8.9|10|0|0.8|1|0|1.1|1.5|0|1.5|3|1|2.7|5|1|2.8|8|5|21.1|40.9|||||||55|70|85|0|0|2|0.5|0.75|1||||1.15|1.3|1.45||||1.46|1.61|1.68|2.65|0.01|0.21|0.42|0.12|0.15|0.18||||41.9|44.4|46.5|29.4|37.5|45.5|42|48|53|6|7.5|8.9|62|77.5|89|36|46.5|57|31|50|68|".17"|".17"|0|0|0|0|0|0|0|0|0|0|0|0|40.2|50.7|61.1||||15|25|35|6.1|7.3|8.4||||||||||9.4|20.2|31.4|||||||||||||||||||"Moderate"|"Moist"|"21847354"|"64430797"
"Bw1"||"B"||1|8|10|20|70|76|110|50|66|90|0|0|0|0|0|0|100|100|100|100|100|100|92|98|100|84|93|100|0.5|8.2|10|0|0.8|1|0|1|1.5|0|1.4|2|1|2.5|5|1|2.5|5|5|19.3|36.5|||||||60|72.5|85|0|0|0|0.5|0.75|1||||1.15|1.3|1.45||||1.46|1.61|1.68|2.65|0.01|0.21|0.42|0.12|0.15|0.18||||39.9|44.8|46.5|32|38.8|45.5|42|48|53|6|7.5|8.9|66|77.5|89|39|48|57|35|52|68|".17"|".17"|0|0|0|0|0|0|0|0|0|0|0|0|43.5|52.4|61.1||||15|25|35|4.5|5.5|6.5||||||||||20.5|30|39.5|||||||||||||||||||"Moderate"|"Moist"|"21847354"|"64430796"
"Ap"||"A"|||0|0|0|8|10|20|10|10|20|0|0|0|0|0|0|100|100|100|100|100|100|87|94|98|71|79|86|15|26.3|30|0|2.1|2.5|0|3|4|0|4.3|5|3|8.3|10|2|8.6|10|43|52.7|66.2|||||||15|21|27|0|0|0|1|2.5|4||||1.25|1.4|1.55||||1.31|1.46|1.61|2.65|1.4|8|14|0.16|0.2|0.24||||25.5|29.7|33|9.7|15|20.1|38|43|49|0|1.5|2.9|25|34|43|7|14.5|22|2|11|22|".43"|".43"|0|0|0|0|0|0|0|0|0|0|0|0|12.8|18|23||||15|25|35|5.1|5.6|6||||||||||8|13.2|18.8|||||||||||||||||||"Low"|"Moist"|"21847354"|"64430795"
"C"||"C"|||120|127|180|203|203|203|76|76|100|0|0|0|0|0|0|100|100|100|100|100|100|87|99|100|74|94|100|0.5|8|10|0|0.2|0.5|0|0.5|1|0|0.9|2|1|2.5|5|1|3.9|8|20|52|84.3|||||||15|40|70|0|0|2|0.1|0.3|0.5||||1.15|1.35|1.55||||1.48|1.68|1.74|2.65|0.42|7|14|0.12|0.17|0.22||||20.4|30.5|38.2|8.1|21.7|37.8|39|46|54|6|7.5|8.9|26|46|66|8|23.5|39|3|24|46|".32"|".32"|0|0|0|0|0|0|0|0|0|0|0|0|11.7|29.6|49.9||||15|25|35|6.1|7.5|8.4||||||||||0|8.5|25.7|||||||||||||||||||"Moderate"|"Moist"|"21847354"|"64430794"
"Ap"||"A"|||0|0|0|8|10|20|8|10|20|0|0|0|0|0|0|100|100|100|100|100|100|97|100|100|94|99|100|0.5|1.8|3|0|0.1|0.2|0|0.1|0.2|0|0.2|1|0|0.6|2|0.5|0.8|2|42|48.2|56|||||||42|50|55|0|0|0|1|2|4||||1.15|1.33|1.5||||1.47|1.65|1.72|2.65|0.01|0.21|0.42|0.12|0.15|0.18||||31.4|34.1|36.3|23.4|28.6|33.3|40|46|53|6|7.5|8.9|45|55|65|25|32.5|40|25|36|46|".28"|".28"|0|0|0|0|0|0|0|0|0|0|0|0|35|45|60||||15|25|35|5.1|5.6|6||||||||||19|26.4|37.1|||||||||||||||||||"Low"|"Moist"|"21847394"|"64430842"
"Bw1"||"B"||1|8|10|20|70|76|110|50|66|90|0|0|0|0|0|0|100|100|100|100|100|100|92|98|100|84|93|100|0.5|8.2|10|0|0.8|1|0|1|1.5|0|1.4|2|1|2.5|5|1|2.5|5|5|19.3|36.5|||||||60|72.5|85|0|0|0|0.5|0.75|1||||1.15|1.3|1.45||||1.46|1.61|1.68|2.65|0.01|0.21|0.42|0.12|0.15|0.18||||39.9|44.8|46.5|32|38.8|45.5|42|48|53|6|7.5|8.9|66|77.5|89|39|48|57|35|52|68|".17"|".17"|0|0|0|0|0|0|0|0|0|0|0|0|35|47.5|60|35|40|60|15|25|35|4.5|5.5|6.5||||||||||16.3|27.6|38.9|||||||||||||||||||"Moderate"|"Moist"|"21847394"|"64430843"
"Bw2"||"B"||2|70|76|110|120|127|180|50|51|70|0|0|0|0|0|0|100|100|100|100|100|100|91|98|100|82|93|100|0.5|8.9|10|0|0.8|1|0|1.1|1.5|0|1.5|3|1|2.7|5|1|2.8|8|5|21.1|40.9|||||||55|70|85|0|0|2|0.5|0.75|1||||1.15|1.3|1.45||||1.46|1.61|1.68|2.65|0.01|0.21|0.42|0.12|0.15|0.18||||41.9|44.4|46.5|29.4|37.5|45.5|42|48|53|6|7.5|8.9|62|77.5|89|36|46.5|57|31|50|68|".17"|".17"|0|0|0|0|0|0|0|0|0|0|0|0|30|40|50||||15|25|35|6.1|7.3|8.4||||||||||4.3|14.9|25.9|||||||||||||||||||"Moderate"|"Moist"|"21847394"|"64430844"
"C"||"C"|||120|127|180|203|203|203|76|76|100|0|0|0|0|0|0|100|100|100|100|100|100|87|99|100|74|94|100|0.5|8|10|0|0.2|0.5|0|0.5|1|0|0.9|2|1|2.5|5|1|3.9|8|20|52|84.3|||||||15|40|70|0|0|2|0.1|0.3|0.5||||1.15|1.35|1.55||||1.48|1.68|1.74|2.65|0.42|7|14|0.12|0.17|0.22||||20.4|30.5|38.2|8.1|21.7|37.8|39|46|54|6|7.5|8.9|26|46|66|8|23.5|39|3|24|46|".32"|".32"|0|0|0|0|0|0|0|0|0|0|0|0|10|25|40||||15|25|35|6.1|7.5|8.4||||||||||0|6.2|20.8|||||||||||||||||||"Moderate"|"Moist"|"21847394"|"64430845"
"Btx1"||"B"||1||76|||102|||26||0|0|0|0|0|0|100|100|100|100|100|100|90|95|100|70|80|90|0.5|6.9|10||0|||0|||0.2|||1.9|||4.8|||68.1||||||||20|25|30|0|||0.1|0.3|0.5||||1.4|1.5|1.6||||1.47|1.57|1.63|2.67|1.4|2.7|4|0.08|0.09|0.1||||27.6|30|32.1|12.1|15.4|18.7|37|41|45|0|1.5|2.9|25|32.5|40|11|15.5|20|4|10|18|".49"|".49"|0|0|0|0|0|0|0|0|0|0|0|0||||5|8.8|12|2.8|7.9|10.5|4.5|5.3|6||||||||||1.8|6.3|11.2|||||||||||||||||||||"21847363"|"64430811"
"A"||"A"||||0|||25|||25||0|0|0|0|0|0|100|100|100|100|100|100|100|100|100|85|92.5|100|5|21.6|25||0.1|||0.4|||1.3|||6|||13.8|||69.9||||||||5|8.5|12|0|||0.5|1.25|2||||1.3|1.35|1.4||||1.36|1.41|1.47|2.64|4|9|14|0.2|0.21|0.22||||17.5|21.8|24.9|3.4|6.2|9.1|44|46|48|0|1.5|2.9|15|22.5|30|0|5|10|0|2|9|".55"|".55"|0|0|0|0|0|0|0|0|0|0|0|0||||2|4|6|2.2|3.5|6.1|4.5|5.3|6||||||||||0|4.5|9.8|||||||||||||||||||||"21847363"|"64430810"
"Bt"||"B"||||25|||76|||51||0|0|0|0|0|0|100|100|100|100|100|100|95|97.5|100|85|92.5|100|0.5|7|10||0|||0|||0.2|||1.9|||4.9|||69||||||||18|24|30|0|||0.1|0.55|1||||1.4|1.45|1.5||||1.47|1.52|1.58|2.67|4|9|14|0.2|0.21|0.22||||26.3|29.5|32.1|10.6|14.6|18.7|41|43|44|0|1.5|2.9|30|37.5|45|11|15.5|20|8|15|23|".49"|".49"|0|0|0|0|0|0|0|0|0|0|0|0||||5|7.9|12|3.5|7.2|9.6|4.5|5.3|6||||||||||1.4|6.4|11.9|||||||||||||||||||||"21847363"|"64430809"
"2Btx2"|2|"B"||2||102|||183|||81||0|0|0|0|0|0|100|100|100|95|97.5|100|70|82.5|95|40|60|80|5|36.9|60||0|||0.1|||0.8|||7.6|||28.4|||42.1||||||||12|21|30|0|||0|0.25|0.5||||1.4|1.5|1.6||||1.47|1.57|1.64|2.67|1.4|2.7|4|0.08|0.09|0.1||||22.3|27.8|32.1|7|12.8|18.7|36|40|45|0|1.5|2.9|20|27.5|35|8|13|18|0|4|13|".55"|".55"|0|0|0|0|0|0|0|0|0|0|0|0||||5|7.4|15|2.6|7|12.9|4.5|5.3|6||||||||||0.2|5.4|11.2|||||||||||||||||||||"21847363"|"64430808"
"Ap"||"A"||||0|||18|||18||0|0|0|0|0|0|100|100|100|100|100|100|100|100|100|90|95|100|1|13.6|35||0.1|||0.4|||1|||3.9|||8.2|||68.9||||||||8|17.5|27||||0.5|1.25|2||||1.3|1.5|1.7||||1.37|1.57|1.77|2.65|4|9|14|0.21|0.22|0.23||||20.9|27.7|32.3|5.5|12.2|18.9|33|40|48|0|1.5|2.9|15|23|31|0|5|10|0|2|10|".49"|".49"|0|0|0|0|0|0|0|0|0|0|0.5|0.9|4|9.5|15||3||1.8|7|12.7|5.1|5.6|6||||||||||3.1|5.9|9|||||||||||||||||||||"21847389"|"64430834"
"Bt"||"B"||||18|||84|||66||0|0|0|0|0|0|100|100|100|100|100|100|100|100|100|90|95|100|0.5|9|25||0.1|||0.3|||0.7|||2.7|||5.2|||64.5||||||||18|26.5|35||||0.5|0.75|1||||1.3|1.5|1.7||||1.51|1.71|1.78|2.66|4|9|14|0.2|0.21|0.22||||27.1|31|34.2|11.5|16.9|22.3|33|41|48|3|4.5|5.9|28|34|40|8|12.5|17|6|12|18|".49"|".49"|0|0|0|0|0|0|0|0|0|0|0.5|0.9|5|15|25||3||2.1|11.9|24.4|5.1|5.6|6||||||||||3.3|6.7|10.4|||||||||||||||||||||"21847389"|"64430835"
"BC"||"BC"||||84|||137|||53||0|0|0|0|0|0|100|100|100|100|100|100|100|100|100|90|95|100|0.5|9|25||0.1|||0.3|||0.7|||2.7|||5.2|||64.5||||||||18|26.5|35||||0.5|0.75|1||||1.3|1.5|1.7||||1.51|1.71|1.78|2.66|4|9|14|0.2|0.21|0.22||||27.1|31|34.2|11.5|16.9|22.3|33|41|48|3|4.5|5.9|28|34|40|8|12.5|17|6|12|18|".49"|".49"|0|0|0|0|0|0|0|0|0|0|0.5|0.9|5|15|25||7||2.1|11.9|24.4|5.1|5.6|6||||||||||3.3|6.7|10.4|||||||||||||||||||||"21847389"|"64430836"
"C"||"C"||||137|||203|||66||0|0|0|0|0|0|100|100|100|100|100|100|100|100|100|75|87.5|100|1|13.6|35||0.1|||0.4|||1|||3.9|||8.2|||68.9||||||||8|17.5|27||||0|0.25|0.5||||1.3|1.5|1.7||||1.37|1.57|1.77|2.67|4|9|14|0.18|0.2|0.22||||19.9|26.5|31|4.8|10.8|16.9|34|41|48|0|1.5|2.9|23|34|45|4|12.5|21|1|10|23|".55"|".55"|0|3|5|0|0|0|0|0|0|0|0.5|0.9|5|15|25||10||2.4|43.1|58.3|4.5|5.8|8.4||||||||||0.1|5.8|11.8|||||||||||||||||||||"21847389"|"64430837"
"Ap"||"A"||||0|||18|||18||0|0|0|0|0|0|100|100|100|100|100|100|100|100|100|90|95|100|1|13.6|35||0.1|||0.4|||1|||3.9|||8.2|||68.9||||||||8|17.5|27||||0.5|1.25|2||||1.3|1.5|1.7||||1.37|1.57|1.77|2.65|4|9|14|0.21|0.22|0.23||||20.9|27.7|32.3|5.5|12.2|18.9|33|40|48|0|1.5|2.9|15|23|31|0|5|10|0|2|10|".49"|".49"|0|0|0|0|0|0|0|0|0|0|0.5|0.9|4|9.5|15||||1.8|7|12.7|5.1|5.6|6||||||||||3.1|5.9|9|||||||||||||||||||||"21847391"|"64430838"
"Bt"||"B"||||18|||84|||66||0|0|0|0|0|0|100|100|100|100|100|100|100|100|100|90|95|100|0.5|9|25||0.1|||0.3|||0.7|||2.7|||5.2|||64.5||||||||18|26.5|35||||0.5|0.75|1||||1.3|1.5|1.7||||1.51|1.71|1.78|2.66|4|9|14|0.2|0.21|0.22||||27.1|31|34.2|11.5|16.9|22.3|33|41|48|3|4.5|5.9|28|34|40|8|12.5|17|6|12|18|".49"|".49"|0|0|0|0|0|0|0|0|0|0|0.5|0.9|5|15|25||||2.1|11.9|24.4|5.1|5.6|6||||||||||3.3|6.7|10.4|||||||||||||||||||||"21847391"|"64430839"
"BC"||"BC"||||84|||137|||53||0|0|0|0|0|0|100|100|100|100|100|100|100|100|100|90|95|100|0.5|9|25||0.1|||0.3|||0.7|||2.7|||5.2|||64.5||||||||18|26.5|35||||0.5|0.75|1||||1.3|1.5|1.7||||1.51|1.71|1.78|2.66|4|9|14|0.2|0.21|0.22||||27.1|31|34.2|11.5|16.9|22.3|33|41|48|3|4.5|5.9|28|34|40|8|12.5|17|6|12|18|".49"|".49"|0|0|0|0|0|0|0|0|0|0|0.5|0.9|5|15|25||||2.1|11.9|24.4|5.1|5.6|6||||||||||3.3|6.7|10.4|||||||||||||||||||||"21847391"|"64430840"
"C"||"C"||||137|||203|||66||0|0|0|0|0|0|100|100|100|100|100|100|100|100|100|75|87.5|100|1|13.6|35||0.1|||0.4|||1|||3.9|||8.2|||68.9||||||||8|17.5|27||||0|0.25|0.5||||1.3|1.5|1.7||||1.37|1.57|1.77|2.67|4|9|14|0.18|0.2|0.22||||19.9|26.5|31|4.8|10.8|16.9|34|41|48|0|1.5|2.9|23|34|45|4|12.5|21|1|10|23|".55"|".55"|0|3|5|0|0|0|0|0|0|0|0.5|0.9|5|15|25||||2.4|43.1|58.3|4.5|5.8|8.4||||||||||0.1|5.8|11.8|||||||||||||||||||||"21847391"|"64430841"
"A"||"A"||||0|||23|||23||0|0|0|0|0|0|100|100|100|85|92.5|100|65|75|85|30|42.5|55||62.8|||0.3|||4.3|||13.9|||27.3|||17|||26.2||||||||2|11|20||||0.5|1.25|2||||1.3|1.5|1.7||||1.37|1.57|1.77|2.64|4|9|14|0.09|0.13|0.16||||8.8|18.1|24.4|1.9|8.8|16.2|30|39|48|0|1.5|2.9|15|17.5|20|0|3.5|7|0|0|0|".28"|".28"|0|0|0|0|0|0|0|0|0|0|0|0|5|7.5|10||||0|2.5|5|4.5|5.5|6.5||||||||||2.3|6.7|11.1|||||||||||||||||||||"21847340"|"64430773"
"Bt"||"B"||||23|||117|||94||0|0|0|0|0|0|100|100|100|85|92.5|100|80|87.5|95|36|55.5|75||55.8|||1.3|||8.2|||14.8|||20.2|||11.3|||17.7||||||||18|26.5|35||||0|0.25|0.5||||1.4|1.55|1.7||||1.47|1.62|1.77|2.66|4|9|14|0.12|0.15|0.17||||19.1|24.2|28.8|10.6|16.8|23.4|31|37|45|0|1.5|2.9|25|35|45|11|15.5|20|0|5|15|".20"|".20"|0|0|0|0|0|0|0|0|0|0|0|0||||10|20|30|0|2.5|5|4.5|5.3|6||||||||||9.5|20.7|32|||||||||||||||||||||"21847340"|"64430776"
"B' and E"||"B and E"|"'"|||117|||140|||23||0|0|0|0|0|0|100|100|100|85|92.5|100|65|75|85|30|52.5|75||68.8|||0.1|||3.2|||15.6|||33|||16.9|||16.2||||||||10|15|20||||0|0.25|0.5||||1.3|1.5|1.7||||1.37|1.57|1.77|2.65|4|9|14|0.12|0.14|0.15||||14.9|19.2|23|6.1|10|14.2|31|39|48|0|1.5|2.9|15|21|27|0|3.5|7|0|0|3|".28"|".28"|0|0|0|0|0|0|0|0|0|0|0|0||||2|6|10|0|2.5|5|4.5|5.3|6||||||||||1.4|6.8|12.3|||||||||||||||||||||"21847340"|"64430774"
"B't"||"B"|"'"|||140|||203|||63||0|0|0|0|0|0|100|100|100|85|92.5|100|80|87.5|95|36|55.5|75||55.8|||1.3|||8.2|||14.8|||20.2|||11.3|||17.7||||||||15|26.5|38||||0|0.25|0.5||||1.4|1.55|1.7||||1.47|1.62|1.77|2.66|4|9|14|0.12|0.15|0.17||||17.6|24.2|29.9|8.9|16.8|25.4|31|37|45|0|1.5|2.9|25|35|45|11|15.5|20|0|5|15|".20"|".20"|0|0|0|0|0|0|0|0|0|0|0|0||||10|20|30|0|2.5|5|4.5|5.3|6||||||||||9.2|20.7|32.3|||||||||||||||||||||"21847340"|"64430775"
"C"||"C"|||102|135|203|183|203|203|0|68|101|0|0|0|0|0|0|85|90|100|69|81|100|56|74|99|41|58|83|5|34.7|40|0.4|3.1|3.6|0.6|4.4|5.1|0.9|6|6.9|1.6|10.9|12.6|1.5|10.3|11.9|20|37.8|67.8|||||||15|27.5|40|0|0|0|0.05|0.1|0.15||||1.3|1.38|1.45||||1.37|1.45|1.52||1.4|2.7|4|0.14|0.16|0.18||||19.9|27.2|34.8|7.1|14.3|23.4|35|41|48|0.8|2|4.7|25|35|46|8|16|24|0|6|20|".37"|".37"|0|0|0|0|0|0|0|0|0|0|1|2||||5.3|11.2|18.6|1|2.5|10.6|3.5|4.6|5.5|3.5|4.3|5|||||||5.6|13.5|23|||||||||||||||||||||"21847357"|"64430803"
"E"||"E"|||3|8|18|11|20|28|8|12|25|0|0|0|0|0|0|80|87|100|59|75|100|51|69|100|18|29|50|55|70.9|80|0.1|0.1|0.1|2.6|3.3|3.7|12.5|16.1|18.2|26.4|34|38.4|13.5|17.4|19.6|2|16.6|40|||||||5|12.5|20|0|0|0|0.5|0.75|2||||1.3|1.4|1.5||||1.38|1.48|1.55||4|9|14|0.09|0.11|0.12||||9.3|15.8|23.7|2.8|7.5|15.1|30|38|48|0.2|0.8|2.1|0|0|31|0|0|12|0|0|3|".32"|".32"|0|0|0|0|0|0|0|0|0|0|1|2||||0.9|5.5|17.2|0.9|2.1|2.2|4.5|5.3|6|3.5|4.9|5|||||||0.6|6.8|20.9|||||||||||||||||||||"21847357"|"64430802"
"A"||"A"|||0|0|0|3|8|18|3|8|18|0|0|0|0|0|0|80|87|100|59|75|100|51|69|100|18|29|50|55|70.9|80|0.1|0.1|0.1|2.6|3.3|3.7|12.5|16.1|18.2|26.4|34|38.4|13.5|17.4|19.6|2|16.6|40|||||||5|12.5|20|0|0|0|1|2|3||||1.3|1.4|1.5||||1.38|1.48|1.55||4|9|14|0.09|0.11|0.12||||10|17.1|24.6|3.3|8.9|16.4|29|37|47|0.2|0.6|1.1|0|15|26|0|5|9|0|0|1|".32"|".32"|0|0|0|0|0|0|0|0|0|0|1|2||||1.1|3.2|5.9|0.5|3.2|3.9|4.5|5.3|6|3.5|4.9|5|||||||1.5|6.5|12.2|||||||||||||||||||||"21847357"|"64430801"
"Btg2"||"B"||2|76|107|137|102|135|203|26|28|127|0|0|0|0|0|0|84|90|100|68|80|100|58|74|100|48|64|94|5|23.3|40|0.7|3.2|5.5|0.8|3.7|6.4|0.9|4.3|7.4|1.4|6.5|11.2|1.2|5.6|9.6|15|29.2|55|||||||35|47.5|60|0|0|0|0.1|0.15|0.25||||1.25|1.33|1.4||||1.62|1.7|1.77||0.42|1|1.4|0.15|0.17|0.18||||23.2|35.5|42.2|15.1|22.5|32.1|36|42|50|2.8|5.5|9.5|38|53|61|20|28|32|5|16|35|".24"|".24"|0|0|0|0|0|0|0|0|0|0|1|2||||13.3|20|27.4|1.5|3.2|11.4|3.5|4.6|5.5|3.5|4.3|5|||||||15.1|23.7|33.3|||||||||||||||||||||"21847357"|"64430800"
"Btg1"||"B"||1|61|94|122|76|107|137|10|13|76|0|0|0|0|0|0|84|90|100|68|80|100|58|74|100|48|64|94|5|23.3|40|0.7|3.2|5.5|0.8|3.7|6.4|0.9|4.3|7.4|1.4|6.5|11.2|1.2|5.6|9.6|15|29.2|55|||||||35|47.5|60|0|0|0|0.15|0.25|0.5||||1.25|1.33|1.4||||1.62|1.7|1.77||0.42|1|1.4|0.15|0.17|0.18||||23.2|35.5|42.2|15.1|22.6|32.3|36|42|50|2.7|5.3|9.3|37|52|61|19|25|29|5|14|33|".24"|".24"|0|0|0|0|0|0|0|0|0|0|1|2||||12.3|18.9|26.2|1.5|3|12.6|3.5|4.6|5.5|3.5|4.3|5|||||||14.3|22.9|32.6|||||||||||||||||||||"21847357"|"64430799"
"Bt"||"B"|||11|20|28|61|94|122|51|74|111|0|0|0|0|0|0|84|90|100|68|80|100|58|74|100|48|64|94|5|23.3|40|0.7|3.2|5.5|0.8|3.7|6.4|0.9|4.3|7.4|1.4|6.5|11.2|1.2|5.6|9.6|15|29.2|55|||||||35|47.5|60|0|0|0|0.25|0.5|0.75||||1.25|1.33|1.4||||1.62|1.7|1.77||0.42|1|1.4|0.15|0.17|0.18||||23.3|35.5|42.2|15.2|22.9|32.6|36|42|50|2.6|5|8.9|38|53|61|17|25|29|4|15|33|".24"|".24"|0|0|0|0|0|0|0|0|0|0|1|2||||11.7|17.4|24.7|1.4|3.3|12.6|3.5|4.6|5.5|3.5|4.3|5|||||||13.9|21.9|31.6|||||||||||||||||||||"21847357"|"64430798"
"A"||"A"||||0|||81|||81||0|0|0|0|0|0|100|100|100|100|100|100|95|97.5|100|85|90.5|96|1|11.7|||0.2|||0.4|||0.9|||3.5|||6.7|||69.8||||||||10|18.5|27|0|||0.5|1.25|2||||1.4|1.5|1.6||||1.47|1.57|1.63|2.65|4|9|14|0.21|0.23|0.24||||22.4|28.2|32.3|6.7|12.8|18.9|37|40|44|0|1.5|2.9|25|32.5|40|11|18|25|6|15|24|".49"|".49"|0|0|0|0|0|0|0|0|0|0|0|0||||2.5|5.3|9.1|2|4|8|4.5|5.3|6||||||||||0.5|6.3|12.7|||||||||||||||||||||"21847401"|"64430849"
"E and B"||"E and B"||||81|||94|||13||0|0|0|0|0|0|100|100|100|100|100|100|95|97.5|100|84|91|98|1|11.3|||0.1|||0.4|||0.9|||3.3|||6.6|||67.7||||||||10|21|32|0|||0.1|0.55|1||||1.4|1.53|1.65||||1.62|1.75|1.82|2.66|0.42|1|1.4|0.14|0.19|0.23||||21.9|28.8|33.5|6.3|13.6|20.9|35|40|44|3|4.5|5.9|35|42.5|50|15|22.5|30|12|21|32|".55"|".55"|0|0|0|0|0|0|0|0|0|0|0|0||||2.7|6.7|13.3|1|2|6|4.5|5.3|6||||||||||0|5.9|12.2|||||||||||||||||||||"21847401"|"64430850"
"Btx1"||"B"||1||94|||114|||20||0|0|0|0|0|0|100|100|100|100|100|100|95|97.5|100|75|82.5|90|0.5|7|||0.4|||0.6|||0.9|||2.2|||2.9|||65||||||||16|28|32|0|||0.1|0.55|1||||1.4|1.53|1.65||||1.62|1.75|1.82|2.67|0.42|1|1.4|0.11|0.17|0.23||||25.7|31.7|33.5|9.9|17.9|20.9|35|40|44|3|4.5|5.9|35|50|65|15|27.5|40|10|23|40|".49"|".49"|0|0|0|0|0|0|0|0|0|0|0|0||||4.6|9.4|13.3|6|10|16|4.5|5.3|6||||||||||1.1|7.2|12.2|||||||||||||||||||||"21847401"|"64430851"
"2Btx2"|2|"B"||2||114|||183|||69||0|0|0|0|0|0|100|100|100|100|100|100|95|97.5|100|75|82.5|90|0.5|6.9|||0|||0|||0.2|||1.9|||4.8|||67.6||||||||18|25.5|33|0|||0|0.25|0.5||||1.4|1.53|1.65||||1.47|1.6|1.67|2.67|4|9|14|0.12|0.15|0.18||||26.7|30.4|33.4|11|15.9|20.9|36|40|45|0|1.5|2.9|25|36.5|48|8|15|22|3|12|22|".49"|".49"|0|0|0|0|0|0|0|0|0|0|0|0||||5.7|9.2|16.9|6|10|16|4.5|5.3|6||||||||||1.3|6.3|11.7|||||||||||||||||||||"21847401"|"64430852"
"Btx"||"B"||||61|||150|||89||0|0|0|0|0|0|94|97|100|90|95|100|60|80|100|30|55|80||38.5|||3.4|||4.9|||6.7|||12.1|||11.4|||36.5||||||||18|25|32||||0|0.25|0.5||||1.6|1.7|1.8||||1.68|1.78|1.86|2.66|1.4|2.7|4|0.05|0.08|0.1||||25.8|30.3|34.3|11.4|16.8|22.5|28|33|37|0|1.5|2.9|23|33|43|7|13|19|0|4|15|".24"|".24"|0|0|0|0|0|0|0|0|0|0|0|0||||5|10|15|0|2.5|5|4.5|5|5.5||||||||||5.6|11.9|18.1|||||||||||||||||||||"21847405"|"64430858"
"BC"||"BC"||||150|||183|||33||0|0|0|0|0|0|94|97|100|90|95|100|60|80|100|30|55|80||61|||3.7|||13.4|||16.9|||18.1|||8.9|||20||||||||18|19|32||||0|0.25|0.5||||1.6|1.7|1.8||||1.68|1.78|1.86|2.66|1.4|2.7|4|0.05|0.08|0.1||||20.5|22.1|28.9|12|13.5|23.6|28|33|37|0|1.5|2.9|23|33|43|7|13|19|0|4|15|".24"|".24"|0|0|0|0|0|0|0|0|0|0|0|0||||5|10|15|0|2.5|5|4.5|5|5.5||||||||||5.6|11.2|18.1|||||||||||||||||||||"21847405"|"64430859"
"Ap"||"A"||||0|||23|||23||0|0|0|0|0|0|98|99|100|90|95|100|60|80|100|30|47.5|65||63.9|||0.3|||4.4|||14.2|||27.8|||17.2|||26.6||||||||3|9.5|16||||0.5|1.75|3||||1.5|1.55|1.6||||1.57|1.62|1.69|2.63|4|9|14|0.13|0.15|0.16||||10.5|18.3|23.9|2.7|8.9|15.5|34|37|40|0|1.5|2.9|15|20|25|0|2|4|0|0|0|".24"|".24"|0|0|0|0|0|0|0|0|0|0|0|0||||5|10|15|0|2.5|5|4.5|5.3|6||||||||||4.1|11.9|19.9|||||||||||||||||||||"21847405"|"64430860"
"Bt"||"B"||||23|||61|||38||0|0|0|0|0|0|98|99|100|90|95|100|80|90|100|40|60|80||38.5|||3.4|||4.9|||6.7|||12.1|||11.4|||36.5||||||||18|25|32||||0.5|0.75|1||||1.45|1.55|1.65||||1.52|1.62|1.69|2.65|4|9|14|0.11|0.14|0.17||||25.7|29.9|33.6|11.2|16.1|21.2|33|38|42|0|1.5|2.9|23|31.5|40|7|13|19|0|5|14|".28"|".28"|0|0|0|0|0|0|0|0|0|0|0|0||||5|10|15|0|2.5|5|4.5|5|5.5||||||||||6.4|12.6|18.9|||||||||||||||||||||"21847405"|"64430861"
"BC"||"BC"||||150|||183|||33||0|0|0|0|0|0|94|97|100|90|95|100|60|80|100|30|55|80||61|||3.7|||13.4|||16.9|||18.1|||8.9|||20||||||||18|19|32||||0|0.25|0.5||||1.6|1.7|1.8||||1.68|1.78|1.86|2.66|1.4|2.7|4|0.05|0.08|0.1||||20.5|22.1|28.9|12|13.5|23.6|28|33|37|0|1.5|2.9|23|33|43|7|13|19|0|4|15|".24"|".24"|0|0|0|0|0|0|0|0|0|0|0|0||||5|10|15|0|2.5|5|4.5|5|5.5||||||||||5.6|11.2|18.1|||||||||||||||||||||"21847346"|"64430785"
"Btx"||"B"||||61|||150|||89||0|0|0|0|0|0|94|97|100|90|95|100|60|80|100|30|55|80||38.5|||3.4|||4.9|||6.7|||12.1|||11.4|||36.5||||||||18|25|32||||0|0.25|0.5||||1.6|1.7|1.8||||1.68|1.78|1.86|2.66|1.4|2.7|4|0.05|0.08|0.1||||25.8|30.3|34.3|11.4|16.8|22.5|28|33|37|0|1.5|2.9|23|33|43|7|13|19|0|4|15|".24"|".24"|0|0|0|0|0|0|0|0|0|0|0|0||||5|10|15|0|2.5|5|4.5|5|5.5||||||||||5.6|11.9|18.1|||||||||||||||||||||"21847346"|"64430784"
"Bt"||"B"||||23|||61|||38||0|0|0|0|0|0|98|99|100|90|95|100|80|90|100|40|60|80||38.5|||3.4|||4.9|||6.7|||12.1|||11.4|||36.5||||||||18|25|32||||0.5|0.75|1||||1.45|1.55|1.65||||1.52|1.62|1.69|2.65|4|9|14|0.11|0.14|0.17||||25.7|29.9|33.6|11.2|16.1|21.2|33|38|42|0|1.5|2.9|23|31.5|40|7|13|19|0|5|14|".28"|".28"|0|0|0|0|0|0|0|0|0|0|0|0||||5|10|15|0|2.5|5|4.5|5|5.5||||||||||6.4|12.6|18.9|||||||||||||||||||||"21847346"|"64430783"
"Ap"||"A"||||0|||23|||23||0|0|0|0|0|0|98|99|100|90|95|100|60|80|100|30|47.5|65||63.9|||0.3|||4.4|||14.2|||27.8|||17.2|||26.6||||||||3|9.5|16||||0.5|1.75|3||||1.5|1.55|1.6||||1.57|1.62|1.69|2.63|4|9|14|0.13|0.15|0.16||||10.5|18.3|23.9|2.7|8.9|15.5|34|37|40|0|1.5|2.9|15|20|25|0|2|4|0|0|0|".24"|".24"|0|0|0|0|0|0|0|0|0|0|0|0||||5|10|15|0|2.5|5|4.5|5.3|6||||||||||4.1|11.9|19.9|||||||||||||||||||||"21847346"|"64430782"
"Ap"||"A"|||0|0|0|5|15|45||15||0|0|0|0|0|0|100|100|100|85|100|100|74|92|95|34|45|50|54.1|64.6|74|0.1|0.3|1|3|4.5|6|11|14.3|17|25|28.1|30|15|17.4|20|22|26.9|32|||||||2|8.5|15|0|0|0|0.5|1.25|2||||1.52|1.54|1.55||||1.47|1.52|1.59||14.11|28.23|42.34|0.14|0.15|0.16||||8.9|17.5|22.3|1.9|7.7|13.3|35|39|40|0|0.4|2.9|0|23|31|0|5|10|0|0|2|".28"|".28"|0|0|0|0|0|0|0|0|0|0|2|4||||1|1.3|3.7|3|8|11|4.5|5|5.5||||||||||1|3.7|8.2|||||||||||||||||||||"21847407"|"64430862"
"Bt1"||"B"||1|5|15|45|104|114|144||99||0|0|0|0|0|0|100|100|100|85|100|100|73|90|94|53|68|73|40|50|60|1|4|5|3|6|7|6|11|13|11|15|19|10|14|16|19.9|25|32|||||||18|25|33|0|0|0|0.25|0.6|0.75||||1.44|1.53|1.62||||1.47|1.55|1.62||4.23|9.17|14.11|0.15|0.16|0.17||||24.5|30.7|33.6|10.3|16.4|21.2|33|40|43|0|1|2.9|28|36|43|12|17|23|3|8|17|".32"|".32"|0|0|0|0|0|0|0|0|0|0|2|4||||2.8|3.1|4.5|11|22|28|4.5|5|5.5||||||||||4|6.2|9.2|||||||||||||||||||||"21847407"|"64430863"
"Bt2"||"B"||2|104|114|144|201|216|220||102||0|0|0|0|0|0|100|100|100|85|100|100|62|77|82|29|40|46|50|65.6|67|1|4|5|7|14.4|16|12|18.1|20|13|19.5|21|7|9.6|12|13|14.9|30|||||||18|19.5|22|0|0|0|0.05|0.3|0.5||||1.61|1.62|1.63||||1.47|1.55|1.62||14.11|28.23|42.34|0.14|0.15|0.16||||17.9|22.6|25|9.3|13.7|17.1|33|37|37|0|0.7|2.9|25|30|35|9|13|16|0|4|12|".17"|".17"|0|0|0|0|0|0|0|0|0|0|2|4||||1.9|2.1|3.1|16|20|23|4.5|5|5.5||||||||||2.6|4.3|6.6|||||||||||||||||||||"21847407"|"64430864"
"C"||"C"||||79|||183|||104||0|0|0|0|0|0|60|90|100|50|79|100|40|74|95|20|22|75||85|||0|||2|||14.7|||44.8|||23.5|||8||||||||5|7|25||||0.1|0.55|1||||1.3|1.45|1.6||||1.38|1.53|1.68|2.65|4|9|14|0.1|0.13|0.15|11.6|17.7|28.4|7.8|12.9|25.3|2.2|4.7|17.6|24|37|48|0|1.5|2.9|15|22.5|30|0|5|10|0|0|6|".28"|".28"|0|0|0|0|0|0|0|0|0|0|0|0||||5|10|15|0|2.5|5|4.5|5.3|6||||||||||3.7|9.9|18.1|||||||||||||||||||||"21847428"|"64430886"
"A"||"A"||||0|||25|||25||0|0|0|0|0|0|85|92.5|100|75|87.5|100|55|70|85|30|40|50||67.3|||0.1|||3.1|||15.3|||32.3|||16.5|||20.2||||||||5|12.5|20||||1|2|3||||1.35|1.48|1.6||||1.42|1.55|1.62|2.63|14|28|42|0.11|0.13|0.15||||11.8|19.1|25.2|4|10.3|17.4|30|38|45|0|1.5|2.9|15|20|25|0|3.5|7|0|0|0|".24"|".24"|0|0|0|0|0|0|0|0|0|0|0|0|5|10|15||||0|2.5|5|5.1|5.6|6||||||||||3.5|8.8|14.3|||||||||||||||||||||"21847428"|"64430887"
"Bt"||"B"||||25|||79|||54||0|0|0|0|0|0|90|95|100|70|85|100|60|80|100|25|60|95||39.8|||3.5|||5|||6.9|||12.5|||11.9|||37.7||||||||10|22.5|35||||0.5|0.75|1||||1.3|1.45|1.6||||1.37|1.52|1.67|2.66|4|9|14|0.12|0.16|0.2||||17.9|26.5|33.8|5.3|12.8|21.5|30|39|48|0|1.5|2.9|20|29|38|3|9|15|0|3|15|".37"|".37"|0|0|0|0|0|0|0|0|0|0|0|0||||5|10|15|0|2.5|5|4.5|5.3|6||||||||||4.8|12|19.2|||||||||||||||||||||"21847428"|"64430888"
"Ap"||"A"|||0|0|0|5|15|20|5|15|20|0|0|0|0|0|0|100|100|100|100|100|100|94|98|100|84|91|96|7|14.3|20|0.1|0.6|0.7|0.2|0.9|1|0.5|1.1|1.2|2.1|3|5.5|4.1|8.7|12.8|61.2|73.2|80|||||||8|12.5|19|0|0|0|0.5|1.25|2||||1.48|1.5|1.51||||1.51|1.53|1.55|2.64|4.23|9.17|14.11|0.23|0.24|0.26||||20.9|25.1|29.2|5.5|9.3|14.2|41|41|42|0.4|0.7|1.2|20|25|33|4|7|12|0|3|10|".49"|".49"|0|0|0|0|0|0|0|0|0|0|1|2||||1.9|3.4|6.1|1.9|3.4|6.1|4.5|5.3|6|3.5|4.3|5|||||||0.1|5.2|11.2|||||||||||||||||||||"21847386"|"64430831"
"Bt"||"B"|||5|15|20|63|79|83|43|64|78|0|0|0|0|0|0|100|100|100|100|100|100|93|99|100|86|95|100|5|7|18|0|0.3|0.9|0|0.4|1.5|0.1|0.5|2.4|0|1.5|5.7|3.5|4.3|7.5|49|64|77|||||||18|29|35|0|0|0|0.05|0.25|0.5||||1.47|1.48|1.49||||1.58|1.59|1.65|2.67|1.41|4.23|9.17|0.2|0.22|0.24||||26.4|31.4|33.7|10.7|17.5|21.4|42|42|43|1.1|2.4|3.7|28|38|45|12|20|25|8|19|27|".49"|".49"|0|0|0|0|0|0|0|0|0|0|1|2||||5.7|10.7|16|3.9|9.6|14.8|4.5|5.3|6|3.5|4.3|5|||||||1.4|7|12.1|||||||||||||||||||||"21847386"|"64430832"
"2Bt"|2|"B"|||63|79|83|98|203|203|15|124|140|0|0|0|0|0|0|100|100|100|100|100|100|89|96|100|79|90|99|7|12|18|0|1.6|1.9|0|1.9|2.3|0.4|2.2|2.4|2.3|3.4|5.7|2.1|2.9|7.5|27|38|56|||||||30|50|55|0|0|0|0.05|0.1|0.2||||1.4|1.44|1.49||||1.79|1.83|1.92|2.7|0.42|0.92|1.41|0.13|0.14|0.15||||27.3|36.8|37.6|16.6|27.6|30.5|40|42|44|2.5|6.8|8.5|39|59|64|21|36|40|12|29|38|".28"|".28"|0|0|0|0|0|0|0|0|0|0|1|2||||11.4|22.2|26.9|5.6|19.9|24.1|4.5|5.3|6|3.5|4.3|5|||||||3.6|10.7|15.5|||||||||||||||||||||"21847386"|"64430833"
"BCg"||"BC"|||100|107|153|130|152|203|30|45|50|0|0|0|0|0|0|100|100|100|100|100|100|94|100|100|90|99|100|0.5|1.8|3|0|0|0|0|0|0.1|0|0.1|1|0|0.5|2|0.5|1.2|2|12|25.7|39.5|||||||60|72.5|85|0|0|0|0.5|1.25|2||||1.3|1.4|1.5||||1.82|1.85|1.99|2.65|0.01|0.21|0.42|0.08|0.11|0.14||||38|42.5|44.1|32.9|40.4|43.8|40|44|48|12.5|16.6|21|69|86|103|44|54|64|39|56|76|".17"|".17"|0|0|0|0|0|0||||0|1|2|41.7|50.6|58.9||||15|22.5|30|7.4|8.2|8.4||||||||||10.1|15.8|21.7|||||||||||||||||||"Moderate"|"Moist"|"21847430"|"64430889"
"Bg"||"B"|||15|20|30|100|107|150|85|87|120|0|0|0|0|0|0|100|100|100|100|100|100|94|100|100|90|99|100|0.5|1.8|3|0|0|0|0|0|0.1|0|0.1|1|0|0.5|2|0.5|1.2|2|12|25.7|39.5|||||||60|72.5|85|0|0|0|1|2|3||||1.25|1.35|1.45||||1.75|1.8|2.06|2.65|0.01|0.21|0.42|0.09|0.12|0.14||||41.7|43.7|45.3|33|40.6|40.8|42|45|49|12.7|16.8|21.2|70|88|105|44|54|64|39|56|76|".17"|".17"|0|0|0|0|0|0||||0|1|2|42.7|51.4|59.7||||15|22.5|30|5.6|5.8|7||||||||||17.8|28.5|34.1|||||||||||||||||||"Moderate"|"Moist"|"21847430"|"64430890"
"A"||"A"|||0|0|0|15|20|30|15|20|30|0|0|0|0|0|0|100|100|100|100|100|100|95|100|100|92|99|100|0.5|1.8|3|0|0|0|0|0|0.1|0|0.1|1|0|0.5|2|0.5|1.2|2|40|48.2|59.5|||||||40|50|60|0|0|0|1|2.5|4||||1.25|1.35|1.45||||1.58|1.8|1.85|2.65|0.01|0.21|0.42|0.16|0.19|0.22||||30.9|34.5|37.5|22.5|29.4|36.1|41|45|49|7.3|10.1|13.2|51|64|76|29|36|43|26|39|54|".28"|".28"|0|0|0|0|0|0|||0|0|1|2|30.1|37.6|44.7||||15|22.5|30|5.6|5.8|6||||||||||16.6|21.9|27|||||||||||||||||||"Low"|"Moist"|"21847430"|"64430891"
"Ap"||"A"|||0|0|0|4|8|13||8||0|0|0|0|0|0|100|100|100|100|100|100|98|99|99|96|97|98|1|3.7|5|0.1|0.5|0.7|0.1|0.5|0.7|0|0.3|0.5|0.3|0.7|0.9|0.7|1.7|2|77|84.3|88||50.2|||34.1||7|12|18|0|0|0|0.5|2.22|4||||1.42|1.43|1.44||||1.44|1.45|1.45|2.63|1.4|2|4|0.21|0.22|0.23||||20.6|24|26.4|5.3|8.2|10.7|43|43|44|0.4|0.5|0.8|21|27|31|5|7|7|1|3|4|".55"|".55"|0|0|0|0|0|0|0|0|0|0|1|2||||1.8|2.1|2.6|1.8|2.1|2.6|4.4|5.1|6||||||||||0|7.4|14.2|||||||||||||||||||||"21847439"|"64430895"
"Eg"||"E"|||4|8|13|13|43|60||35||0|0|0|0|0|0|100|100|100|100|100|100|99|99|100|98|98|99|0.5|2|3|0|0.3|0.5|0|0.3|0.5|0|0.2|0.3|0.1|0.4|0.5|0.3|0.8|1|74|81.7|88||36.3|||45.4||10|16.3|23|0|0|0|0.77|0.99|1.05||||1.4|1.41|1.42||||1.46|1.47|1.48|2.65|1.4|2|4|0.21|0.22|0.23||||25.8|26.2|26.4|10|10.5|10.7|44|44|45|1|1.5|2.2|28|29|29|10|10|11|8|9|10|".55"|".55"|0|0|0|0|0|0|0|0|0|0|1|2||||11.6|13.8|14.7|9.7|12.2|12.3|4.4|5.3|6||||||||||0.9|5.6|11.1|||||||||||||||||||||"21847439"|"64430896"
"BCg"||"BC"|||60|75|90|90|120|165||45||0|0|0|0|0|0|100|100|100|100|100|100|98|99|99|96|97|97|2|4.5|7|0.2|0.6|0.8|0.1|0.6|0.8|0|0.4|0.5|0.3|0.9|1|1|2|2.5|67.1|77.6|88||43.8|||33.8||10|17.9|26|0|0|0|0.09|0.1|0.25||||1.4|1.45|1.5||||1.45|1.5|1.52|2.67|0.2|0.92|1.4|0.21|0.22|0.23||||25.8|26.2|26.6|10|10.5|10.9|42|43|45|0.8|1.2|1.6|27|28|29|11|12|12|9|10|10|".55"|".55"|0|0|0|0|0|0|0|0|0|0|1|2||||5.8|6.8|7|4.7|6.5|6.6|4.4|5.3|7.8||||||||||0|4.7|10.5|||||||||||||||||||||"21847439"|"64430897"
"Cg"||"C"|||90|120|165|165|200|203||80||0|0|0|0|0|0|100|100|100|100|100|100|98|98|99|95|96|96|2|5.5|7.8|0.2|0.7|0.8|0.2|0.8|0.9|0|0.5|0.7|0.5|1.1|1.3|1|2.4|2.5|66.9|77.8|88||46.9|||30.9||10|16.7|26|0|0|0|0.04|0.15|0.25||||1.38|1.42|1.45||||1.43|1.47|1.48|2.66|0.2|0.9|1.4|0.21|0.22|0.23||||25|25.5|25.7|9.1|9.7|9.9|43|44|46|0.7|1.1|1.6|26|27|28|10|11|11|7|9|9|".64"|".64"|0|0|0|0|0|0|0|0|0|0|1|2||||5.4|6|7.1|5.4|6|7.1|4.4|5.3|7.8||||||||||0|4.5|10.5|||||||||||||||||||||"21847439"|"64430898"
"Btg"||"B"|||13|43|60|60|75|90||32||0|0|0|0|0|0|100|100|100|100|100|100|99|100|100|97|98|99|1|2.4|3.2|0|0.2|0.3|0|0.2|0.3|0|0.1|0.2|0.3|0.6|0.7|0.7|1.3|1.5|60|69.7|73||33.7|||36||23.8|27.9|38|0|0|0|0.09|0.12|0.25||||1.4|1.4|1.41||||1.48|1.48|1.49|2.66|0.42|1|1.4|0.2|0.21|0.22||||30.7|31.3|32.2|16.4|17.3|18.7|45|45|45|1.6|1.9|2.9|38|39|42|18|19|20|18|19|21|".55"|".55"|0|0|0|0|0|0|0|0|0|0|1|2||||7.8|8.4|9.1|3|6.3|6.5|5.1|5.1|7.3||||||||||0|7.5|9.6|||||||||||||||||||||"21847439"|"64430899"
"A"||"A"||||0|||64|||64||0|0|0|0|0|0|100|100|100|100|100|100|100|100|100|90|95|100|1|11.7|15||0.2|||0.4|||0.9|||3.5|||6.7||60|69.8|75|||||||10|18.5|27|0|0|0|0.5|1.25|2||||1.4|1.48|1.55||||1.47|1.55|1.61|2.65|4|9|14|0.2|0.22|0.23||||22.3|28|32.1|6.6|12.7|18.6|39|41|44|0.7|1.5|2.8|25|30|35|5|10|15|3|9|15|".43"|".43"|0|0|0|0|0|0|0|0|0|0|1|2|5|10|15||||4|8|13|5.1|5.6|6||||||||||3.3|6|9|||||||||||||||||||||"21847435"|"64430892"
"Btx1"||"B"||1|54|64|74||127|||63||0|0|0|0|0|0|100|100|100|100|100|100|100|100|100|90|92.5|95|1|11.3|15||0.1|||0.4|||0.9|||3.3|||6.6||60|67.7|75|||||||10|21|32|0|0|0|0.1|0.55|1||||1.35|1.45|1.55||||1.42|1.52|1.58|2.66|0.42|1|1.4|0.09|0.11|0.12||||21.5|28.2|32.8|5.9|12.9|19.8|39|43|46|0.4|0.9|1.4|30|35|40|12|16|20|9|14|20|".55"|".55"|0|0|0|0|0|0|0|0|0|0|1|2||||3|6.5|10|2|10|20|4.5|5.3|6||||||||||0|5.9|12.2|||||||||||||||||||||"21847435"|"64430893"
"Btx2"||"B"||2||127||174|203|203||76||0|0|0|0|0|0|100|100|100|100|100|100|100|100|100|90|95|100|0.5|7|9||0|||0|||0.2|||1.9|||4.9||60|69|75|||||||16|24|32|0|0|0|0.1|0.3|0.5||||1.45|1.5|1.55||||1.52|1.57|1.63|2.67|0.42|1|1.4|0.09|0.11|0.12||||25.5|29.6|32.8|9.7|14.8|19.9|39|41|43|1|1.6|2.3|25|30|35|5|10|15|3|9|15|".55"|".55"|0|0|0|0|0|0|0|0|0|0|1|2|8|13|18||||2|13|25|5.1|6.5|7.8||||||||||0|3.4|8.6|||||||||||||||||||||"21847435"|"64430894"
"Btx1"||"B"||1||64|||127|||63||0|0|0|0|0|0|100|100|100|100|100|100|100|100|100|90|92.5|95|1|11.3|||0.1|||0.4|||0.9|||3.3|||6.6|||67.7||||||||10|21|32|0|||0.1|0.55|1||||1.35|1.45|1.55||||1.42|1.52|1.58|2.66|0.42|1|1.4|0.09|0.11|0.12||||21.5|28.2|32.8|5.9|12.9|19.8|39|43|46|0|1.5|2.9|30|35|40|12|16|20|9|14|20|".55"|".55"|0|0|0|0|0|0|0|0|0|0|0|0||||3|7|10|2|10|20|4.5|5.3|6||||||||||0|5.9|12.2|||||||||||||||||||||"21847368"|"64430812"
"Btx2"||"B"||2||127|||183|||56||0|0|0|0|0|0|100|100|100|100|100|100|100|100|100|90|95|100|0.5|7|||0|||0|||0.2|||1.9|||4.9|||69||||||||16|24|32|0|||0.1|0.3|0.5||||1.45|1.5|1.55||||1.52|1.57|1.63|2.67|0.42|1|1.4|0.09|0.11|0.12||||25.5|29.6|32.8|9.7|14.8|19.9|39|41|43|0|1.5|2.9|25|30|35|5|10|15|3|9|15|".55"|".55"|0|0|0|0|0|0|0|0|0|0|0|0|8|13|18||||2|13|25|5.1|6.5|7.8||||||||||0|3.4|8.6|||||||||||||||||||||"21847368"|"64430813"
"A"||"A"||||0|||64|||64||0|0|0|0|0|0|100|100|100|100|100|100|100|100|100|90|95|100|1|11.7|||0.2|||0.4|||0.9|||3.5|||6.7|||69.8||||||||10|18.5|27|0|||0.5|1.25|2||||1.4|1.48|1.55||||1.47|1.55|1.61|2.65|4|9|14|0.2|0.22|0.23||||22.3|28|32.1|6.6|12.7|18.6|39|41|44|0|1.5|2.9|25|30|35|5|10|15|3|9|15|".43"|".43"|0|0|0|0|0|0|0|0|0|0|0|0|5|10|15||||4|8|13|5.1|5.6|6||||||||||3.3|6|9|||||||||||||||||||||"21847368"|"64430814"
"A"||"A"||||0|||10|||10||0|0|0|0|0|0|100|100|100|95|97.5|100|60|80|100|15|22.5|30||84.9|||0|||2|||14.7|||44.7|||23.5|||6.6||||||||5|8.5|12|0|0|0|0.5|1.25|2||||1.45|1.5|1.55||||1.52|1.57|1.64|2.63|42|92|141|0.06|0.08|0.1|18.3|22.1|24.8|12.7|17|20.4|4|7.4|10.9|37|40|42|0|1.5|2.9|0|7|14|0|0|0|0|0|0|".10"|".10"|0|0|0|0|0|0|0|0|0|0|0|0|4|7|10||||0|2|4|5.6|7|8.4||||||||||0|2|5.7|||||||||||||||||||||"21847369"|"64430815"
"C"||"C"||||10|||183|||173||0|0|0|0|0|0|100|100|100|95|97.5|100|50|75|100|5|12.5|20||78.5|||3.2|||12.4|||20.6|||27.1|||15.2|||16.5||||||||2|5|8|0|0|0|0.1|0.55|1||||1.4|1.45|1.5||||1.47|1.52|1.58|2.64|42|92|141|0.02|0.04|0.06|13.7|18.5|21.6|8|12.8|16.3|1.4|4|6.6|40|42|44|0|1.5|2.9|0|7|14|0|0|0|0|0|0|".15"|".15"|0|0|0|0|0|0|0|0|0|0|0|0|1|4.5|8||||0|2|4|5.6|7|8.4||||||||||0|0.9|4.4|||||||||||||||||||||"21847369"|"64430816"
"Bt"||"B"||||23|||117|||94||0|0|0|0|0|0|100|100|100|86|94|100|75|89|100|35|46|58|45|55.8|60|0|0.5|0.8|0|0.9|1.5|7|11.9|13|22|32.8|38|6|9.7|13|14|17.7|20|2|4.7|10|10|13|23|18|26.5|35|0|0|0|0|0.25|0.5||||1.4|1.6|1.7||||1.47|1.62|1.77|2.66|4|9|14|0.12|0.15|0.17||||19.5|24.7|29.3|11|17.5|24.2|31|36|45|0.8|1.3|1.8|25|32|39|9|14|20|0|3|8|".20"|".20"|0|0|0|0|0|0|0|0|0|0|1|2||||3.5|5.4|8.4|3|3.3|3.3|4.5|5.3|6|4.5|5.5|6.5|||||||3.7|7.6|12.5|||||||||||||||||||||"21847416"|"64430870"
"A"||"A"||||0|||10|||10||0|0|0|0|0|0|100|100|100|100|100|100|83|92|100|35|47|56|58|63|70|0|0.3|0.5|2|4.5|8|8|13.9|15|20|27.3|35|10|17|25|21|26|30|4|6|10|18|20|22|2|11|20|0|0|0|0.5|1.25|2||||1.3|1.46|1.7||||1.32|1.48|1.72|2.64|14|28|42|0.09|0.13|0.16||||8.8|17.7|24.1|1.9|8.5|15.8|31|40|48|0.1|0.6|1|0|20|27|0|7|10|0|0|1|".28"|".28"|0|0|0|0|0|0|0|0|0|0|1|2||||0.3|2|3.9|0.3|1.3|2.3|4.5|5.5|6.5|4.5|5.5|6.5|||||||0|3.9|9|||||||||||||||||||||"21847416"|"64430872"
"E"||"E"||||10|||23|||13||0|0|0|0|0|0|100|100|100|100|100|100|83|92|100|38|47|56|58|63|70|0|0.3|0.5|2|4.5|8|8|13.9|15|20|27.3|35|10|17|25|21|26|30|4|6|10|18|20|22|2|11|20|0|0|0|0|0.25|0.5||||1.3|1.63|1.7||||1.37|1.63|1.77|2.64|14|28|42|0.09|0.13|0.16||||8.2|18.2|23.9|1.5|8.5|15.4|34|36|48|0.4|0.8|1.3|15|21|28|3|8|13|0|0|4|".37"|".37"|0|0|0|0|0|0|0|0|0|0|1|2||||3.2|4.1|6.7|0.4|1.2|2.5|4.5|5.5|6.5|4.5|5.5|6.5|||||||1|4.4|9.4|||||||||||||||||||||"21847416"|"64430873"
"B/E"||"B/E"||||117|||140|||23||0|0|0|0|0|0|100|100|100|86|94|100|75|87|98|31|38|46|60|68.8|79|0|0.1|0.5|2|3.2|6|8|15.6|17|22|33|38|11|16.9|27|10|16.2|20|4|6|10|8|10.2|15|10|15|20|0|0|0|0|0.25|0.5||||1.3|1.6|1.7||||1.37|1.6|1.77|2.65|14|28|42|0.12|0.14|0.15||||15.4|19.9|23.7|6.6|10.8|15.1|31|36|48|0.5|0.7|1.1|19|23|27|5|8|12|0|0|2|".28"|".28"|0|0|0|0|0|0|0|0|0|0|1|2||||1.9|3|4.7|1.9|1.9|2|4.5|5.3|6|4.5|5.5|6.5|||||||1.3|4.1|7.6|||||||||||||||||||||"21847416"|"64430874"
"B't"||"B"|"'"|||140|||203|||63||0|0|0|0|0|0|100|100|100|86|93|100|72|89|100|33|46|61|45|55.8|60|0|0.5|0.8|0|0.9|1.5|7|11.9|13|22|32.8|38|6|9.7|13|14|17.7|28|2|4.7|10|10|13|23|15|26.5|36|0|0|0|0|0.25|0.5||||1.4|1.57|1.7||||1.47|1.62|1.77|2.66|4|9|14|0.12|0.15|0.17||||17.8|24.4|30.1|9|17.1|25.7|31|37|45|0.7|1.3|2|23|32|40|8|14|20|0|3|9|".20"|".20"|0|0|0|0|0|0|0|0|0|0|1|2||||2.9|5.4|9.2|2|3.3|3.5|4.5|5.3|6|4.5|5.5|6.5|||||||2.8|7.6|13.4|||||||||||||||||||||"21847416"|"64430871"
"C"||"C"||||173|||183|||10||0|0|0|0|0|0|100|100|100|100|100|100|70|82.5|95|30|60|90|30|67.7|80||0.1|||3.2|||15.4|||32.5|||16.5|||15.8||||||||8|16.5|25|0|||0|0.25|0.5||||1.35|1.5|1.65||||1.42|1.57|1.72|2.66|4|23|42|0.07|0.15|0.22||||14.8|20.9|25.3|5.4|11.5|17.5|36|41|46|0|1.5|2.9|15|20|25|0|3.5|7|0|0|4|".24"|".24"|0|0|0|0|0|0|0|0|0|0|0|0|5|10|15|5|10|15|0.6|1.7|8.4|4.5|5|5.5||||||||||6.6|10.9|15.2|||||||||||||||||||||"21847425"|"64430882"
"Bw"||"B"||||51|||173|||122||0|0|0|0|0|0|100|100|100|100|100|100|85|90|95|55|72.5|90|5|31.6|35||0|||0.2|||0.9|||7.1|||23.4|||41.9||||||||18|26.5|35|0|||0.5|0.75|1||||1.35|1.48|1.6||||1.42|1.55|1.61|2.66|1.4|2.7|4|0.15|0.19|0.22||||27|30.9|34|11.3|16.7|22|37|41|46|0|1.5|2.9|25|32.5|40|5|10|15|0|6|14|".49"|".49"|0|0|0|0|0|0|0|0|0|0|0|0|10|15|20|10|15|20|0.9|5.1|12.7|4.5|5|5.5||||||||||10.5|14.7|19|||||||||||||||||||||"21847425"|"64430883"
"A1"||"A"||1||0|||13|||13||0|0|0|0|0|0|100|100|100|100|100|100|85|90|95|55|70|85|1|13.8|20||0.1|||0.4|||1|||4|||8.3|||69.7||||||||8|16.5|25|0|||1|1.5|2||||1.35|1.48|1.6||||1.42|1.55|1.61|2.64|4|9|14|0.15|0.19|0.22||||21.7|27.4|31.4|6.2|11.8|17.5|36|41|46|0|1.5|2.9|15|22.5|30|2|6|10|0|1|7|".49"|".49"|0|0|0|0|0|0|0|0|0|0|0|0|5|10|15||||1.7|5.4|11.7|5.1|5.6|6||||||||||4.1|8.8|14|||||||||||||||||||||"21847425"|"64430884"
"A2"||"A"||2||13|||51|||38||0|0|0|0|0|0|100|100|100|100|100|100|85|90|95|55|70|85|1|13.8|60||0.1|||0.4|||1|||4|||8.3|||69.7||||||||8|16.5|25|0|||0.5|0.75|1||||1.35|1.48|1.6||||1.42|1.55|1.61|2.65|4|9|14|0.15|0.19|0.22||||20.8|26.5|30.5|5.5|10.8|16.1|37|41|46|0|1.5|2.9|15|22.5|30|2|6|10|0|1|7|".55"|".55"|0|0|0|0|0|0|0|0|0|0|0|0|5|10|15|5|10|15|0.6|4.5|11.6|4.5|5.3|6||||||||||6.5|11.2|16.1|||||||||||||||||||||"21847425"|"64430885"
"Bt"||"B"||||20|||124|||104||0|0|0|0|0|0|100|100|100|100|100|100|90|95|100|70|82.5|95|0.5|7|15|0|0.4|0.5|0|0.6|1|0|0.9|5|1|2.2|7|2|2.9|10|49.2|65|80.8|||||||18|28|35|0|||0.5|0.75|1||||1.4|1.48|1.55||||1.61|1.69|1.76|2.67|0.01|0.21|0.42|0.18|0.21|0.24||||27|31.4|34|11.3|17.6|22|39|41|44|3|4.5|5.9|25|33.5|42|9|15.5|22|3|11|22|".49"|".49"|0|0|0|0|0|0|13|19|25|0|0|0|10|20|30||||10|20|30|7.4|8.2|9||||||||||0|0.1|4.7|||||||||||||||||||||"21847420"|"64430879"
"C"||"C"||||124|||183|||59||0|0|0|0|0|0|100|100|100|100|100|100|90|95|100|70|82.5|95|0.5|6.7|15|0|0.3|0.5|0|0.6|1|0|0.9|5|1|2.1|7|2|2.8|10|36|62.3|88.5|||||||12|31|50|0|||0|0.25|0.5||||1.4|1.45|1.5||||1.6|1.65|1.72|2.68|0.42|1|1.4|0.14|0.19|0.24||||22.7|31.9|37.8|7|18.3|29.6|41|43|45|3|4.5|5.9|20|37.5|55|5|20|35|0|15|36|".49"|".49"|0|0|0|0|0|0|13|19|25|0|0|0|10|22.5|35||||10|22|35|7.9|8.5|9||||||||||0|0|3.9|||||||||||||||||||||"21847420"|"64430880"
"A"||"A"||||0|||20|||20||0|0|0|0|0|0|100|100|100|100|100|100|85|92.5|100|60|75|90|1|13.6|20|0|0.1|0.5|0|0.4|0.5|0|1|5|1|3.9|7|2|8.2|10|51.9|68.9|85.9|||||||10|17.5|25|0|||0.5|1.25|2||||1.3|1.4|1.5||||1.36|1.46|1.53|2.65|4|9|14|0.18|0.21|0.24||||21.9|27|30.8|6.3|11.4|16.5|40|44|48|0|1.5|2.9|15|25|35|4|9.5|15|0|4|13|".55"|".55"|0|0|0|0|0|0|0|0|2|0|0|0|5|12.5|20||||4|11|18|5.1|5.8|6.5||||||||||1.9|5.9|10|||||||||||||||||||||"21847420"|"64430881"
"A"||"A"||||0|||30|||30||0|0|0|0|0|0|100|100|100|100|100|100|95|97.5|100|90|95|100||14.2|||0.1|||0.4|||1|||4.1|||8.6|||72.3||||||||9|13.5|18|0|||0.5|1.25|2||||1.35|1.4|1.45||||1.41|1.46|1.53|2.64|4|9|14|0.2|0.22|0.23||||21.2|25|28|5.7|9.2|12.7|42|44|46|0|1.5|2.9|15|24.5|34|0|4.5|9|0|2|10|".49"|".49"|0|0|0|0|0|0|0|0|0|0|0|0|5|10|15||||3|6|9|5.1|5.6|6||||||||||3.3|6|9|||||||||||||||||||||"21847417"|"64430875"
"Eg"||"E"||||30|||61|||31||0|0|0|0|0|0|100|100|100|100|100|100|95|97.5|100|90|95|100||14|||0.1|||0.4|||1|||4|||8.5|||71||||||||12|15|18|0|||0.1|0.55|1||||1.4|1.45|1.5||||1.47|1.52|1.58|2.66|4|9|14|0.2|0.22|0.23||||22.8|25.3|27.3|7.1|9.4|11.8|41|43|44|0|1.5|2.9|22|31|40|3|9|15|0|8|17|".55"|".55"|0|0|0|0|0|0|0|0|0|0|0|0||||5|10|15|2|4|8|4.5|5|5.5||||||||||2.6|6.1|9.6|||||||||||||||||||||"21847417"|"64430876"
"BCg"||"BC"||||119|||183|||64||0|0|0|0|0|0|100|100|100|100|100|100|95|97.5|100|90|95|100||14.2|||0.1|||0.4|||1|||4.1|||8.6|||71.8||||||||8|14|20|0|||0|0.25|0.5||||1.35|1.45|1.55||||1.42|1.52|1.58|2.66|1.4|2.7|4|0.2|0.22|0.23||||19.7|24.3|27.7|4.6|8.5|12.3|39|43|46|0|1.5|2.9|25|28.5|32|3|6.5|10|1|5|10|".64"|".64"|0|0|0|0|0|0|0|0|0|0|0|0|10|15|20||||4|10|18|5.1|6.5|7.8||||||||||0|3.7|9|||||||||||||||||||||"21847417"|"64430877"
"Btgx"||"B"||||61|||119|||58||0|0|0|0|0|0|100|100|100|100|100|100|95|97.5|100|90|95|100||6.9|||0|||0|||0.2|||1.9|||4.8|||68.1||||||||18|25|32|0|||0.1|0.3|0.5||||1.45|1.53|1.6||||1.52|1.6|1.67|2.67|0.42|1|1.4|0.14|0.16|0.17||||26.8|30.2|33.1|11.2|15.7|20.3|37|40|43|0|1.5|2.9|30|36|42|9|12.5|16|7|12|18|".55"|".55"|0|0|0|0|0|0|0|0|0|0|0|0||||10|15|20|4|12|23|4.5|5|5.5||||||||||3.8|7.7|11.5|||||||||||||||||||||"21847417"|"64430878"
"E"||"E"||||18|||36|||18||0|0|0|0|0|0|100|100|100|100|100|100|100|100|100|75|87.5|100|7|14.3|20|0.1|0.6|0.7|0.2|0.9|1|0.5|1.1|1.2|2.1|3|5.5|4.1|8.7|12.8|61.2|73.2|80|||||||8|12.5|19|0|0|0|0.5|1|1.5||||1.3|1.48|1.65||||1.37|1.55|1.72|2.65|4|9|14|0.15|0.18|0.2||||22.3|27.8|31.7|6.6|12.3|18|35|41|48|0.6|1.5|2.9|15|21|27|0|3.5|7|0|0|6|".55"|".55"|0|0|0|0|0|0|0|0|0|0|0.1|2|4|9.5|15||||1.2|7.2|15|4.5|5.9|7.3||||||||||0|4.9|10.4|||||||||||||||||||||"21847412"|"64430865"
"Ap"||"A"||||0|||18|||18||0|0|0|0|0|0|100|100|100|100|100|100|100|100|100|75|87.5|100|7|14.3|20|0.1|0.6|0.7|0.2|0.9|1|0.5|1.1|1.2|2.1|3|5.5|4.1|8.7|12.8|61.2|73.2|80|||||||8|12.5|19|0|0|0|0.5|1.25|2||||1.3|1.48|1.65||||1.37|1.55|1.72|2.65|4|9|14|0.15|0.18|0.2||||22.3|28|32.1|6.6|12.7|18.6|35|41|48|0.6|1.5|2.9|15|21|27|0|3.5|7|0|0|6|".43"|".43"|0|0|0|0|0|0|0|0|0|0|0.1|2|4|9.5|15||||1.3|7.8|15|4.5|5.9|7.3||||||||||0|5|10.7|||||||||||||||||||||"21847412"|"64430866"
"Bt"||"B"||||36|||92|||56||0|0|0|0|0|0|100|100|100|100|100|100|100|100|100|85|92.5|100|5|7|18|0|0.3|0.9|0|0.4|1.5|0.1|0.5|2.4|0|1.5|5.7|3.5|4.3|7.5|49|64|77|||||||18|29|35|0|0|0|0.5|0.75|1||||1.3|1.5|1.7||||1.51|1.71|1.78|2.67|1.4|2.7|4|0.15|0.18|0.2||||24.9|31.6|34.2|9.1|17.8|22.3|33|41|48|0.6|2.8|4.9|31|38|45|11|16.5|22|8|15|24|".49"|".49"|0|0|0|0|0|0|0|0|0|0|0.1|2|4|14.5|25|5.3|9.4|12.3|1.1|11.4|22.7|4.5|5.5|6.5||||||||||1.7|6.9|12.1|||||||||||||||||||||"21847412"|"64430867"
"BC"||"BC"||||92|||133|||41||0|0|0|0|0|0|100|100|100|100|100|100|90|95|100|60|80|100|7|14.3|20|0.1|0.6|0.7|0.2|0.9|1|0.5|1.1|1.2|2.1|3|5.5|4.1|8.7|12.8|61.2|73.2|80|||||||8|12.5|19|0|0|0|0|0.25|0.5||||1.3|1.5|1.7||||1.37|1.57|1.77|2.67|4|9|14|0.15|0.18|0.2||||21.5|28.9|33.9|6|13.8|21.6|34|41|48|0.6|2.4|4.9|22|31|40|3|10.5|18|0|7|19|".49"|".49"|0|0|0|0|0|0|0|0|0|0|0.1|2|4|14.5|25||||2.1|13.3|26.5|5.1|6.5|7.8||||||||||0|3.6|10.1|||||||||||||||||||||"21847412"|"64430868"
"C"||"C"||||133|||203|||70||0|0|0|0|0|0|100|100|100|100|100|100|90|95|100|60|80|100|7|14.3|20|0.1|0.6|0.7|0.2|0.9|1|0.5|1.1|1.2|2.1|3|5.5|4.1|8.7|12.8|61.2|73.2|80|||||||8|12.5|19|0|0|0|0|0.25|0.5||||1.3|1.5|1.7||||1.37|1.57|1.77|2.67|4|9|14|0.15|0.18|0.2||||21.5|28.9|33.9|6|13.8|21.6|34|41|48|0.6|2.4|4.9|22|31|40|3|10.5|18|0|7|19|".49"|".49"|0|0|0|0|0|0|0|0|0|0|0.1|2|4|14.5|25||||3|13|25|5.1|6.5|7.8||||||||||0|3.6|10.1|||||||||||||||||||||"21847412"|"64430869"
"A"||"A"||||0|||18|||18||0|0|0|0|0|0|100|100|100|100|100|100|95|97.5|100|90|95|100|1|14.2|||0.1|||0.4|||1|||4.1|||8.6|||71.8||||||||12|14|16|0|||0.5|1.25|2||||1.4|1.45|1.5||||1.47|1.52|1.58|2.64|4|9|14|0.2|0.22|0.23||||23.5|25.6|27.5|7.7|9.8|12|40|42|44|0|1.5|2.9|25|28|31|4|5.5|7|2|4|7|".49"|".49"|0|0|0|0|0|0|0|0|0|0|0|0|6.4|7.6|8.7||||2|8|14|5.1|5.6|6||||||||||3.6|5.5|7.7|||||||||||||||||||||"21847381"|"64430820"
"Btx1"||"B"||1||66|||94|||28||0|0|0|0|0|0|100|100|100|100|100|100|95|97.5|100|90|95|100|0.5|7|||0.4|||0.6|||0.9|||2.2|||2.9|||65||||||||15|28|32|0|||0.1|0.3|0.5||||1.45|1.53|1.6||||1.52|1.6|1.67|2.67|0.42|1|1.4|0.1|0.11|0.12||||25.2|31.4|33.1|9.3|17.5|20.3|37|40|43|0|1.5|2.9|25|35|45|5|14.5|24|3|14|26|".49"|".49"|0|0|0|0|0|0|0|0|0|0|0|0||||5|10|15|2|8|14|4.5|5.3|6||||||||||0.9|6.8|11.5|||||||||||||||||||||"21847381"|"64430822"
"Btx2"||"B"||2||94|||183|||89||0|0|0|0|0|0|100|100|100|100|100|100|95|97.5|100|90|95|100|0.5|7|||0|||0|||0.2|||1.9|||4.9|||69.5||||||||15|23.5|32|0|||0|0.25|0.5||||1.45|1.53|1.6||||1.52|1.6|1.67|2.67|0.42|1|1.4|0.1|0.11|0.12||||25|29.6|33.1|9.2|14.7|20.3|37|40|43|0|1.5|2.9|25|35|45|5|14.5|24|3|14|26|".55"|".55"|0|0|0|0|0|0|0|0|0|0|0|0|5|10|15||||2|8|14|5.1|6.2|7.3||||||||||0|3.6|8|||||||||||||||||||||"21847381"|"64430823"
"Bw"||"B"||||18|||56|||38||0|0|0|0|0|0|100|100|100|100|100|100|95|97.5|100|90|95|100|0.5|7|||0|||0|||0.2|||1.9|||4.9|||69||||||||18|24|30|0|||0.1|0.55|1||||1.4|1.45|1.5||||1.47|1.52|1.58|2.67|4|9|14|0.2|0.22|0.23||||26.3|29.5|32.1|10.6|14.6|18.7|41|43|44|0|1.5|2.9|27|33.5|40|8|13.5|19|5|12|20|".55"|".55"|0|0|0|0|0|0|0|0|0|0|0|0||||5|10|15|2|8|14|4.5|5.3|6||||||||||1.4|6.4|11.9|||||||||||||||||||||"21847381"|"64430824"
"E'"||"E"|"'"|||56|||66|||10||0|0|0|0|0|0|100|100|100|100|100|100|95|97.5|100|90|95|100|1|14.2|||0.1|||0.4|||1|||4.1|||8.6|||71.8||||||||12|14|16|0|||0.1|0.55|1||||1.35|1.43|1.5||||1.42|1.5|1.56|2.66|4|9|14|0.2|0.22|0.23||||22.7|24.6|26.2|7|8.8|10.5|41|43|46|0|1.5|2.9|20|25|30|5|7.5|10|1|5|9|".64"|".64"|0|0|0|0|0|0|0|0|0|0|0|0||||5|10|15|2|8|14|4.5|5.3|6||||||||||0.3|4.5|9.2|||||||||||||||||||||"21847381"|"64430821"
"BCg"||"BC"||||124|||183|||59||0|0|0|0|0|0|100|100|100|100|100|100|95|97.5|100|85|92.5|100|5|7.9|30|0|0.2|1|0|0.5|1|0|0.9|5|1|2.5|20|2|3.8|15|24.6|51.1|77.6|||||||27|41|55|0|||0|0.25|0.5||||1.3|1.48|1.65||||1.51|1.69|1.76|2.65|0.42|1|1.4|0.2|0.21|0.22||||26.1|31.1|35.1|14.8|22.8|30.7|36|42|48|3|4.5|5.9|38|49|60|18|26.5|35|15|26|40|".37"|".37"|0|0|0|0|0|0|0|0|0|0|0|0|12|19|26|12|18|26|5|17|26|4.5|5.3|6||||||||||3|9.2|15.9|||||||||||||||||||||"21847374"|"64430817"
"A"||"A"||||0|||64|||64||0|0|0|0|0|0|100|100|100|100|100|100|95|97.5|100|80|90|100|20|27.1|35|0|2.2|3|1|3.1|5|1|4.4|10|5|8.5|20|5|8.9|20|38.4|54.4|70.4|||||||10|18.5|27|0|||0.5|1.25|2||||1.3|1.48|1.65||||1.37|1.55|1.72|2.63|1.4|2.7|4|0.2|0.22|0.23||||22.3|28|32.1|6.6|12.7|18.6|35|41|48|0|1.5|2.9|15|22.5|30|0|5|10|0|2|9|".43"|".43"|0|0|0|0|0|0|0|0|0|0|0|0|4|7|10||||2|6|10|5.1|5.6|6||||||||||3.1|5.4|8|||||||||||||||||||||"21847374"|"64430818"
"Btg"||"B"||||64|||124|||60||0|0|0|0|0|0|100|100|100|100|100|100|95|97.5|100|85|92.5|100|5|7.7|30|0|0.2|1|0|0.5|1|0|0.9|5|1|2.4|20|2|3.7|15|29.8|49.8|69.8|||||||35|42.5|50|0|||0.5|0.75|1||||1.2|1.38|1.55||||1.53|1.71|1.78|2.64|0.01|0.21|0.42|0.19|0.2|0.21||||29.1|31.6|33.8|19.4|23.7|28|39|45|52|6|7.5|8.9|41|50.5|60|20|27.5|35|17|28|40|".37"|".37"|0|0|0|0|0|0|0|0|0|0|0|0|12|18|24|12|18|24|5|16|24|4.5|5.3|6||||||||||5.2|10.2|15.6|||||||||||||||||||||"21847374"|"64430819"
