"Cg"||"C"|||91|124|200|200|200|200|0|76|109|0|0|0|0|0|0|100|100|100|100|100|100|90|99|100|81|94|100|0|6.4|20|0|0.1|0.3|0|0.3|0.9|0|1.2|3.8|0|3.4|10.6|0|1.4|4.4|20|37.8|65|3.3|6.3|10.8|16.7|31.5|54.2|35|55.8|75|0|4|10|0.5|0.75|1||||1.15|1.25|1.35||||1.62|1.69|1.75|2.56|0.01|0.4|0.4|0.08|0.09|0.1||||21.1|43.1|46.2|18|29.6|39.7|46|50|53|3.8|9.1|16.9|45|66|85|21|39|55|20|44|65|".24"|".24"|0|0|3|0|0|2|0|0|4|0|1|2|20|31.8|50||||16|28|48|6.1|6.7|7.3|6.1|6.3|7.3|||||||2.4|5.4|8.7|||||||||||||||||||"Moderate"|"Very moist"|"21864922"|"64477777"
"Ap"||"A"|||0|0|0|10|13|30|10|13|30|0|0|0|0|0|0|100|100|100|100|100|100|89|96|100|76|84|93|0|17.2|20|0|0.6|0.7|0|2.3|2.7|0|4|4.7|0|8|9.2|0|2.3|2.7|20|33.7|40|4.3|7.2|8.5|15.7|26.5|31.5|40|49.1|70|0|0|0|1.5|4|5||||1.1|1.2|1.3||||1.55|1.62|1.68|2.52|0.4|0.4|0.4|0.11|0.12|0.13||||25.9|42.7|46.5|21.8|28.7|39.8|47|50|54|6.3|10.1|16.1|54|68|88|29|36|51|22|34|57|".20"|".20"|0|0|0|0|0|0|0|0|0|0|1|2|25|37.9|50||||22|35|48|6.1|6.7|7.3|6.1|6.5|7.3|||||||3.2|7.2|10.5|||||||||||||||||||"Moderate"|"Very moist"|"21864922"|"64477778"
"Bssg"||"B"|||10|13|30|91|124|200|61|111|190|0|0|0|0|0|0|100|100|100|100|100|100|95|100|100|91|99|100|0|0.8|10|0|0.1|1.3|0|0.2|2.5|0|0.1|1.3|0|0.1|2.5|0|0.3|3.8|15|28.6|40|1.7|1.7|2.5|13.3|26.9|37.5|60|70.6|85|0|0|0|0.75|0.9|1.5||||1.05|1.15|1.25||||1.49|1.74|1.84|2.53|0.01|0.21|0.4|0.09|0.1|0.11||||45.7|47.5|49.7|30.5|35.8|43.4|50|53|57|10.9|16.1|21.3|70|84|102|44|53|64|45|63|79|".20"|".20"|0|0|3|0|0|2|0|0|4|0|1|2|35|49.7|60||||31|45|58|6.1|6.6|7.3|6.1|6.3|7.3|||||||3.4|6.9|9.6|||||||||||||||||||"Moderate"|"Very moist"|"21864922"|"64477779"
"2C"|2|"C"|||74|86|127|200|200|200|73|114|126|0|0|0|0|0|0|100|100|100|100|100|100|50|67.5|85|5|25|45|67|83|93|0.9|1.1|1.2|9.7|12|13.4|21.1|26.2|29.4|25.5|31.6|35.4|9.8|12.1|13.6|3|9|21|||||||4|8|12|0|0|0|0|0.25|0.5||||1.35|1.48|1.6||||1.38|1.51|1.63||42|92|141|0.06|0.09|0.11|16.7|20.7|23.3|10.8|15.2|18.4|2.7|5.7|8.7|37|42|46|0.1|0.6|1.3|15|19|24|1|4|7|0|0|0|".15"|".15"|0|0|0|0|0|0|0|0|0|0|0|0|1|8|15||||0.7|7|14|5.1|6.2|7.3||||||||||0|4.3|13.4|||||||||||||||||||"Low"|"Moist"|"21864923"|"64477782"
"Ap"||"A"|||0|0|0|10|13|15|10|13|15|0|0|0|0|0|0|100|100|100|100|100|100|95|97.5|100|75|85|95|0.5|1.8|3|0|0|0|0|0|0|0|0.1|0.2|0.2|0.5|0.8|0.3|1.2|2|22|36.2|59.5|||||||40|62|75|0|0|0|1|2|3||||1.2|1.35|1.5||||1.71|1.86|2.09||0.42|1|1.4|0.12|0.15|0.18||||32.2|42.1|44|22.5|35.1|42.8|40|45|51|6.3|11.2|15.6|52|75|91|29|46|55|21|43|63|".24"|".24"|0|0|0|0|0|0|0|0|0|0|0|0|25|35|45||||18|30|41|5.1|5.8|6.5||||||||||11.5|20.4|29.3|||||||||||||||||||"Moderate"|"Very moist"|"21864923"|"64477780"
"Bg"||"B"|||10|13|15|74|86|127|59|73|117|0|0|0|0|0|0|100|100|100|100|100|100|95|97.5|100|75|85|95|0.5|1.8|3|0|0|0|0|0|0|0|0.1|0.2|0.2|0.5|0.8|0.3|1.2|2|22|32.2|59.5|||||||40|66|75|0|0|0|0.5|0.75|1||||1.2|1.35|1.5||||1.7|1.85|2.09||0.01|0.21|0.42|0.12|0.15|0.18||||30.6|42.7|44|21.9|35.9|40.9|41|46|52|5.3|11|15.6|50|76|87|29|49|56|21|46|62|".20"|".20"|0|0|0|0|0|0|0|0|0|0|0|0|20|32.5|45||||13|26|39|5|5.5|6||||||||||11.4|20.2|29|||||||||||||||||||"Moderate"|"Very moist"|"21864923"|"64477781"
"Cg"||"C"|||160|180|200|200|200|200|0|20|40|0|0|0|0|0|0|100|100|100|100|100|100|93|94|100|82|83|94|0|18.9|20|0|1.3|1.4|0|4|4.2|0|4.4|4.7|0|5.4|5.7|0|3.8|4|40|52.1|72|15.2|19.8|24.8|24.8|32.3|47.2|28|29|40|0|0|0|0|0.25|0.5||||1.3|1.5|1.7||||1.47|1.67|1.84||1.4|2.7|4|0.12|0.17|0.22||||31|31.6|35.4|16.8|17.7|24.6|34|41|48|3.3|3.7|7.1|38|39|51|19|20|29|14|16|30|".43"|".43"|0|0|0|0|0|0|0|0|0|0|0|0|19.4|21.8|29.4||||19.4|23.3|30.9|6.6|7.5|8.4||||||||||0|1.7|5.5|||||||||||||||||||"Moderate"|"Moist"|"21864924"|"64477786"
"Ap"||"A"|||0|0|0|5|10|20|5|10|20|0|0|0|0|0|0|100|100|100|100|100|100|93|99|100|88|98|100|0.5|2|3|0|0.1|0.2|0|0.2|0.3|0|0.3|0.5|0|0.7|1|0|0.7|1|7|30|39.5|0.5|2|2.6|6.5|28|36.9|60|68|90|0|0|0|1|2|3||||1.4|1.45|1.5||||1.87|1.93|2.08||0.01|0.21|0.42|0.1|0.15|0.2||||39.5|40.7|40.9|33.8|39.2|40.7|40|42|43|12.7|15.4|22.9|72|83|108|44|50|68|43|59|84|".17"|".17"|0|0|0|0|0|0|0|0|0|0|0|0|42.7|48.6|62.7||||38.4|44.4|57.4|5.4|5.5|5.6||||||||||8.6|10.9|14|||||||||||||||||||"Moderate"|"Very moist"|"21864924"|"64477783"
"Bg"||"B"|||5|10|20|26|38|51|6|28|31|0|0|0|0|0|0|100|100|100|100|100|100|93|100|100|88|99|100|0.5|1.8|3|0|0|0|0|0|0|0|0.1|0.2|0|0.5|0.8|0.5|1.2|2|7|23.2|39.5|0.4|1.3|2.2|6.6|21.9|37.3|60|75|90|0|0|0|0|0.25|0.5||||1.2|1.38|1.55||||1.9|1.96|2.01||0.01|0.21|0.42|0.07|0.11|0.14||||37.1|43.3|45.2|32.2|40.5|40.7|39|45|52|11.1|15.7|20.6|70|86|102|44|56|68|43|66|82|".17"|".17"|0|0|0|0|0|0|0|0|0|0|0|0||||29.6|42.9|57.4|26.9|38.1|39.2|4.5|4.9|5.6||||||||||7.3|12|17.1|||||||||||||||||||"Moderate"|"Very moist"|"21864924"|"64477784"
"Bssg"||"B"|||26|38|51|160|180|200|109|142|174|0|0|0|0|0|0|100|100|100|100|100|100|93|100|100|88|99|100|0.5|1.8|3|0|0.2|0.3|0|0.2|0.4|0|0.3|0.5|0|0.5|0.8|0|0.6|1|7|23.2|39.5|0.8|2.7|4.6|6.2|20.5|34.9|60|75|90|0|0|0|0|0.25|0.5||||1.2|1.38|1.55||||1.9|1.94|2.01||0.01|0.21|0.42|0.07|0.11|0.14||||37.1|43.3|45.2|32.2|40.5|40.7|39|45|52|11.1|15.3|19.9|70|85|101|44|56|68|43|65|82|".17"|".17"|0|0|0|0|0|0|0|0|0|0|0|0||||29.6|40.6|52.9|26.9|38.4|43|4.6|4.7|5.1||||||||||8.7|12.9|17.1|||||||||||||||||||"Moderate"|"Very moist"|"21864924"|"64477785"
"2Cg"|2|"C"|||51|74|91|203|203|203|112|129|152|0|0|0|0|0|0|100|100|100|100|100|100|90|95|99|27|32|37|67|80.8|90|0|0|0|1.6|1.9|2.1|11.6|14|15.6|35.3|42.6|47.5|18.5|22.3|24.8|3|9.2|21|||||||7|10|12|0|0|0|0|0.5|0.75||||1.49|1.56|1.64||||1.56|1.63|1.7||0.42|7|14|0.1|0.16|0.22|19.4|22.1|23.4|13.8|16.9|18.6|4.6|7.2|8.9|41|43|44|0.3|0.8|1.4|18|22|25|3|6|7|0|2|9|".28"|".28"|0|0|0|0|0|0|0|0|0|0|0|0|1.5|6.2|12.8||||0.5|9.6|14.3|5.6|7|8.4||||||||||0|0|9.9|||||||||||||||||||"Low"|"Moist"|"21864925"|"64477788"
"Bg"||"B"|||8|13|18|51|74|91|33|61|83|0|0|0|0|0|0|100|100|100|100|100|100|86|96|100|71|86|100|10|17.1|20|0.9|1.5|1.8|1.2|2.1|2.4|1.7|2.9|3.4|3.1|5.3|6.2|3.1|5.3|6.2|5|16.9|55|||||||35|66|75|0|0|0|0|0.5|0.75||||1.26|1.38|1.51||||1.59|1.71|1.78||0.01|0.21|0.42|0.15|0.18|0.2||||29|39.3|40.5|19.2|36.9|40.1|39|41|43|1.7|8|11.8|43|74|84|24|48|55|25|48|74|".20"|".20"|0|0|0|0|0|0|0|0|0|0|0|0|6|26.8|40||||0.4|24.1|41.5|5.6|6.7|7.8||||||||||0|11.2|23.4|||||||||||||||||||"Moderate"|"Very moist"|"21864925"|"64477789"
"Ap"||"A"|||0|0|0|8|13|18|8|13|18|0|0|0|0|0|0|100|100|100|100|100|100|86|96|100|71|86|100|10|17.1|20|0.9|1.5|1.8|1.2|2.1|2.4|1.7|2.9|3.4|3.1|5.3|6.2|3.1|5.3|6.2|5|20.9|55|||||||35|62|75|0|0|0|1|2|3||||1.22|1.3|1.38||||1.53|1.61|1.68||0.01|0.21|0.42|0.15|0.18|0.2||||29.8|38.7|40.5|20.5|36.4|36.4|38|40|42|5.3|13|20.2|50|71|92|25|43.5|62|25|48|74|".17"|".17"|0|0|0|0|0|0|0|0|0|0|0|0|22.8|42.4|63.2||||4.4|39.8|64.7|5.6|6.7|7.8||||||||||3.9|19.6|35.8|||||||||||||||||||"Moderate"|"Very moist"|"21864925"|"64477787"
"A"||"A"||||0|||20|||20||0|0|0|0|0|0|100|100|100|98|99|100|60|72.5|85|30|40|50|50|65.9|70|0|4.3|8|0|14.1|15|5|17.5|20|15|19.6|25|2|10.4|25|4.1|19.1|34.1|||||||10|15|20||||1|1.5|2||||1.3|1.45|1.6|||||1.52|||4|9|14|0.1|0.13|0.15|||||20.2|||10.7|||41||0|1.5|2.9|15|20|25|3|4.5|6|0|0|0|".20"|".20"|0|0|0|0|0|0|0|0|0|0|0|0|5|10|15|||||||4.5|5.5|6.5|||||||||||||||||||||||||||||||||"21864901"|"64477752"
"BC"||"BC"||||152|||183|||31||0|0|0|0|0|0|100|100|100|98|99|100|80|90|100|60|77.5|95|0.5|9.3|15|0|0|0.5|0|0|1|0|0.2|5|1|2.6|10|2|6.5|15|51.9|66.7|81.4|||||||20|24|35||||0|0.25|0.5||||1.25|1.43|1.6|||||1.5|||0.42|2|4|0.15|0.2|0.24|||||28.9|||14|||43||0|1.5|2.9|25|32.5|40|7|13.5|20|1|9|20|".55"|".55"|0|0|0|0|0|0|0|0|0|0|0|0|10|17.5|25|||||||5.1|6.5|7.8|||||||||||||||||||||||||||||||||"21864901"|"64477753"
"Eg"||"E"||||20|||38|||18||0|0|0|0|0|0|100|100|100|98|99|100|85|92.5|100|70|80|90|1|14|25|0|0.1|0.5|0|0.4|1|0|1|5|1|4|10|2|8.5|15|54|71|88|||||||10|15|20||||0.5|0.75|1||||1.25|1.38|1.5|||||1.44|||4|9|14|0.16|0.2|0.24|||||25|||9.2|||44||0|1.5|2.9|15|20|25|3|5.5|8|0|1|5|".55"|".55"|0|0|0|0|0|0|0|0|0|0|0|0|5|12.5|20|||||||4.5|5.5|6.5|||||||||||||||||||||||||||||||||"21864901"|"64477754"
"Btg"||"B"||||38|||152|||114||0|0|0|0|0|0|100|100|100|98|99|100|85|92.5|100|70|82.5|95|0.5|6.9|15|0|0.4|0.5|0|0.6|1|0|0.9|5|1|2.2|10|2|2.8|15|47.3|63.1|78.8|||||||18|30|35||||0.5|0.75|1||||1.25|1.38|1.5|||||1.58|||0.42|1|1.4|0.16|0.2|0.24|||||31.2|||17.4|||44||3|4.5|5.9|25|32.5|40|7|13.5|20|2|10|20|".49"|".49"|0|0|0|0|0|0|0|0|0|0|0|0|10|17.5|25|||||||4.5|5.5|6.5|||||||||||||||||||||||||||||||||"21864901"|"64477755"
"Ap"||"A"||||0|||15|||15||0|0|0|0|0|0|100|100|100|100|100|100|95|97.5|100|90|92.5|95||17.3|||0.1|||0.4|||1.2|||5|||10.6|||47.7||||||||30|35|40||||1|2|3||||1.4|1.45|1.5|||||1.8|||0.42|1|1.4|0.15|0.18|0.2|||||34.5|||22.8|||42||6|7.5|8.9|51|58|65|28|34|40|27|35|43|".32"|".32"|0|0|0|0|0|0|0|0|0|0|0|0|20|27.5|35||||10|20|30|5.6|6.5|7.3|||||||||||||||||||||||||||||||||"21864975"|"64477891"
"2Cg"|2|"C"||||71|||183|||112||0|0|0|0|0|0|100|100|100|100|100|100|80|90|100|30|60|90||64.5|||0.1|||3|||14.6|||30.9|||15.9|||19.5||||||||7|16|25||||0|0.25|0.5||||1.5|1.53|1.55|||||1.6|||4|9|14|0.15|0.19|0.22|||||19.8|||10.2|||40||0|1.5|2.9|20|25|30|3|6.5|10|0|1|8|".28"|".28"|0|0|0|0|0|0|0|0|0|0|0|0|5|11.5|18||||10|20|30|6.1|7.3|8.4|||||||||||||||||||||||||||||||||"21864975"|"64477892"
"Bw"||"B"||||15|||43|||28||0|0|0|0|0|0|100|100|100|100|100|100|95|97.5|100|90|92.5|95||5.5|||0.2|||0.3|||0.6|||1.7|||2.7|||47||||||||35|47.5|60||||0|0.25|0.5||||1.4|1.45|1.5|||||1.8|||0.42|1|1.4|0.15|0.18|0.2|||||33.7|||27.8|||42||6|7.5|8.9|51|58|65|28|34|40|27|35|43|".32"|".32"|0|0|0|0|0|0|0|0|0|0|0|0|22|31|40||||10|20|30|5.6|6.5|7.3|||||||||||||||||||||||||||||||||"21864975"|"64477893"
"2BC"|2|"BC"||||43|||71|||28||0|0|0|0|0|0|100|100|100|100|100|100|90|95|100|70|80|90||43|||4.2|||5.8|||7.6|||13.3|||12.1|||39.5||||||||10|17.5|25||||0|0.25|0.5||||1.5|1.53|1.55|||||1.6|||1.4|2.7|4|0.19|0.21|0.22|||||26.7|||11.1|||40||0|1.5|2.9|25|30|35|3|7.5|12|0|5|11|".43"|".43"|0|0|0|0|0|0|0|0|0|0|0|0|7|12.5|18||||10|20|30|6.1|7.3|8.4|||||||||||||||||||||||||||||||||"21864975"|"64477894"
"C"||"C"||||0|||183|||183||0|0|0|0|0|0|100|100|100|100|100|100|50|62.5|75|15|22.5|30||84.9|||3.2|||13.4|||22.3|||29.4|||16.6|||9.1||||||||4|6|8||||0.5|1.25|2||||1.4|1.5|1.6|||||1.57|||42|92|141|0.05|0.08|0.1||20.4|||14.9|||5.4|||40||0|1.5|2.9|0|7|14|0|0|0|0|0|0|".10"|".10"|0|0|0|0|0|0|0|0|0|0|0|0|3|5|8||||0|2|4|5.1|6.8|8.4|||||||||||||||||||||||||||||||||"21864979"|"64477895"
"A"||"A"||||0|||15|||15||0|0|0|0|0|0|100|100|100|95|97.5|100|60|80|100|15|22.5|30||82.5|||1.1|||11.9|||26|||31.4|||12.1|||9||||||||5|8.5|12|0|0|0|0.5|1.25|2||||1.45|1.5|1.55|||||1.57|||42|92|141|0.06|0.08|0.1||21.5|||16.4|||6.8|||39||0|1.5|2.9|0|7|14|0|0|0|0|0|0|".05"|".05"|0|0|0|0|0|0|0|0|0|0|0|0|4|8|10|||||||5.6|7|8.4|||||||||||||||||||||||||||||||||"21864982"|"64477896"
"C"||"C"||||15|||165|||150||0|0|0|0|0|0|100|100|100|95|97.5|100|50|75|100|5|12.5|20||93.6|||0.7|||12.8|||36.3|||36.9|||6.9|||1.4||||||||2|5|8|0|0|0|0|0.25|0.5||||1.4|1.45|1.5|||||1.52|||42|92|141|0.02|0.04|0.06||13.6|||9.7|||3.2|||41||0|1.5|2.9|0|7|14|0|0|0|0|0|0|".02"|".02"|0|0|0|0|0|0|0|0|0|0|0|0|1|4.5|8|||||||5.6|7|8.4|||||||||||||||||||||||||||||||||"21864982"|"64477897"
"Ap"||"A"|||0|0|0|10|15|23|10|15|23|0|0|0|0|0|0|100|100|100|100|100|100|93|99|100|86|92|99|1|11.4|20|0|0.1|0.2|0|0.4|0.7|0.1|0.9|1.6|0.3|3.4|5.9|0.6|6.6|11.6|53|68.1|85|||||||14|20.5|27||||0.5|1.25|2|||||1.43||||||1.52|1.57||4|9|14|0.16|0.2|0.24|||||28.6|31.4|8.7|13.4|18||43||1.2|2.1|3.1|25|33|41|9|14|19|5|12|20|".49"|".49"|0|0|0|0|0|0|0|0|0|0|0|0|8.7|13.4|17.7||||3.3|13.3|19.2|6.1|7|7.8||||||||||0|3.4|10.3|||||||||||||||||||||"21864929"|"64477801"
"Bg"||"B"|||10|15|23|86|97|109|63|82|99|0|0|0|0|0|0|100|100|100|100|100|100|83|99|100|78|94|100|0.5|8.6|25|0|0.1|0.3|0|0.3|0.9|0|0.7|2|0.2|2.5|7.3|0.3|5|14.5|36|66.4|85.5|||||||14|25|39||||0|0.25|0.5|||||1.42||||||1.53|1.62||0.42|1|1.4|0.16|0.2|0.24|||||31.3|34.4|8|17.4|22.8||44||0.9|2.6|4.4|24|35|49|9|17|28|4|15|31|".55"|".55"|0|3|5|0|0|0|0|0|0|0|0|0|5.6|14.6|19.7||||1.7|42.7|53|6.1|7.3|8.4||||||||||0|2.1|10.7|||||||||||||||||||||"21864929"|"64477802"
"Cg"||"C"|||86|97|109|203|203|203|94|106|117|0|0|0|0|0|0|100|100|100|100|100|100|83|99|100|78|94|100|0.5|8.6|25|0|0.1|0.3|0|0.3|0.9|0|0.7|2|0.2|2.5|7.3|0.3|5|14.5|36|66.4|85.5|||||||14|25|39||||0|0.25|0.5|||||1.36||||||1.47|1.55||0.42|1|1.4|0.16|0.2|0.24|||||30.8|33.9|7.6|16.6|21.8||46||0.9|2.6|4.4|24|35|49|9|17|28|4|15|31|".55"|".55"|0|3|5|0|0|0|0|0|0|0|0|0|5.6|14.6|19.7||||1.8|42.7|53|6.1|7.3|8.4||||||||||0|2.1|10.7|||||||||||||||||||||"21864929"|"64477803"
"Cg"||"C"|||140|160|168|203|203|203|35|43|63|0|0|0|0|0|0|100|100|100|100|100|100|86|100|100|51|72|93|15|52.9|59|0|0|0|0|0|0|0.1|0.4|0.5|2.3|8.2|9.1|12.6|44.3|49.4|0|20.6|58.1|||||||14|26.5|45|0|0|0|0.5|0.75|1||||1.35|1.46|1.57||||1.51|1.62|1.81||1.4|8|14|0.2|0.22|0.23||||21.2|27.2|33.6|8.9|16.5|27.5|38|42|46|1.4|3.5|7.4|26|38|57|9|18|33|1|11|34|".43"|".43"|0|1|3|0|0|0|0|0|0|0|0|2|11.7|21.1|34.5||||3.6|22.6|36|6.6|7.5|8.4||||||||||0|4.5|15.8|||||||||||||||||||||"21864930"|"64477804"
"Bg"||"B"|||51|56|58|140|160|168|89|104|117|0|0|0|0|0|0|100|100|100|100|100|100|93|99|100|85|94|100|4|7.3|15|0.1|0.1|0.2|0.4|0.7|1.4|0.6|1.1|2.3|1.3|2.4|4.9|1.6|3|6.2|58|74.7|88|||||||8|18|27|0|0|0|0.5|0.75|1||||1.37|1.42|1.47||||1.45|1.5|1.58||1.4|2.7|4|0.2|0.21|0.22||||20.5|26.8|30.8|5.2|11.2|16.6|42|44|45|0.7|1.9|3.6|20|30|39|4|12|19|0|10|20|".55"|".55"|0|1|3|0|0|0|0|0|0|0|0|2|7.1|14.9|21.7||||1.9|14.6|23.2|6.1|7.3|8.4||||||||||0|2.4|11.9|||||||||||||||||||||"21864930"|"64477805"
"Ap"||"A"|||0|0|0|10|13|23|10|13|23|0|0|0|0|0|0|100|100|100|100|100|100|93|99|100|83|92|100|1|11.4|20|0|0.1|0.1|0|0.4|0.7|0.1|0.9|1.6|0.3|3.4|6|0.6|6.6|11.6|53|68.1|84.1|||||||14|20.5|27|0|0|0|0.5|2.25|4||||1.26|1.36|1.45||||1.37|1.47|1.52||4|9|14|0.21|0.22|0.23||||24.1|29|32.7|8.3|14|19.5|41|45|48|1.4|2.6|3.8|26|36|45|9|14|18|5|13|21|".49"|".49"|0|1|3|0|0|0|0|0|0|0|0|2|11.7|17.5|23||||2.7|17.3|24.5|5.6|7|8.4||||||||||0|5.8|16.3|||||||||||||||||||||"21864930"|"64477806"
"Bw"||"B"|||10|13|23|51|56|58|28|43|48|0|0|0|0|0|0|100|100|100|100|100|100|91|99|100|82|94|100|0.5|7.3|32|0|0.4|1.8|0|0.6|2.6|0.1|1|4.4|0.2|2.3|10|0.2|3|13.2|45|62.7|83|||||||14|30|35|0|0|0|0.5|0.75|1||||1.33|1.4|1.47||||1.51|1.58|1.63||1.4|2.7|4|0.2|0.21|0.22||||24.3|31.6|33.4|8.5|17.7|20.8|42|44|47|1.4|4.2|5.2|26|41|47|9|21|25|5|20|28|".43"|".43"|0|1|3|0|0|0|0|0|0|0|0|2|11.7|23.6|27.5||||3.4|23.3|29|6.1|7.3|8.4||||||||||0|6.7|14.8|||||||||||||||||||||"21864930"|"64477807"
"C"||"C"||||28|||183|||155||0|0|0|0|0|0|100|100|100|100|100|100|95|97.5|100|75|87.5|100||21.4|||0.1|||0.4|||1.3|||5.9|||13.7|||69.6||||||||0|9|18||||0.5|0.75|1||||1.3|1.48|1.65|||||1.55|||4|9|14|0.2|0.22|0.23|||||22|||6.4|||41||0|1.5|2.9|15|21|27|0|3.5|7|0|0|6|".64"|".64"|0|3|5|0|0|0|0|0|0|0|0|0|5|13.5|22||||2|6|10|5.6|7|8.4|||||||||||||||||||||||||||||||||"21864985"|"64477898"
"A"||"A"||||0|||28|||28||0|0|0|0|0|0|100|100|100|100|100|100|95|97.5|100|85|92.5|100||62.3|||0.3|||1.1|||3.7|||20|||37.2|||28.7||||||||0|9|18||||0.5|2|3||||1.3|1.48|1.65|||||1.55|||4|9|14|0.18|0.21|0.23|||||17.6|||7.8|||41||0|1.5|2.9|15|21|27|0|3.5|7|0|1|6|".43"|".43"|0|0|0|0|0|0|0|0|0|0|0|0|8|14|20||||2|6|10|5.6|7|8.4|||||||||||||||||||||||||||||||||"21864985"|"64477899"
"A"||"A"||||0|||15|||15||0|0|0|0|0|0|100|100|100|95|97.5|100|60|80|100|15|22.5|30||82.5|||1.1|||11.9|||26|||31.4|||12.1|||9||||||||5|8.5|12|0|0|0|0.5|1.25|2||||1.45|1.5|1.55|||||1.57|||42|92|141|0.06|0.08|0.1||21.5|||16.4|||6.8|||39||0|1.5|2.9|0|7|14|0|0|0|0|0|0|".05"|".05"|0|0|0|0|0|0|0|0|0|0|0|0|4|7|10||||0|2|4|5.6|7|8.4|||||||||||||||||||||||||||||||||"21864881"|"64477718"
"C"||"C"||||15|||165|||150||0|0|0|0|0|0|100|100|100|95|97.5|100|50|75|100|5|12.5|20||93.6|||0.7|||12.8|||36.3|||36.9|||6.9|||1.4||||||||2|5|8|0|0|0|0|0.25|0.5||||1.4|1.45|1.5|||||1.52|||42|92|141|0.02|0.04|0.06||13.6|||9.7|||3.2|||41||0|1.5|2.9|0|7|14|0|0|0|0|0|0|".02"|".02"|0|0|0|0|0|0|0|0|0|0|0|0|1|4.5|8||||0|2|4|5.6|7|8.4|||||||||||||||||||||||||||||||||"21864881"|"64477719"
"A"||"A"||||0|||25|||25||0|0|0|0|0|0|100|100|100|100|100|100|95|97.5|100|80|90|100|20|27.1|35|0|2.2|3|1|3.1|5|1|4.4|10|5|8.5|20|5|8.9|20|38.4|54.4|70.4|||||||10|18.5|27||||0.5|1.25|2||||1.3|1.48|1.65|||||1.55|||1.4|2.7|4|0.2|0.22|0.23|||||28|||12.7|||41||0|1.5|2.9|15|22.5|30|0|5|10|0|2|9|".49"|".49"|0|0|0|0|0|0|0|0|0|0|0|0|4|7|10||||5|16|24|5.1|6.1|7|||||||||||||||||||||||||||||||||"21864904"|"64477756"
"Btg2"||"B"||2||74|||117|||43||0|0|0|0|0|0|100|100|100|100|100|100|95|97.5|100|85|92.5|100|5|17.3|35|0|0.1|1|0|0.4|1|0|1.2|5|1|5|25|5|10.6|20|21.2|47.7|74.2|||||||27|35|50||||0|0.25|0.5||||1.3|1.48|1.65|||||1.69|||0.42|1|1.4|0.2|0.21|0.22|||||33.5|||21|||41||3|4.5|5.9|38|49|60|18|26.5|35|15|26|40|".43"|".43"|0|0|0|0|0|0|0|0|0|0|0|0|12|19|26||||5|16|24|4.5|6.5|8.4|||||||||||||||||||||||||||||||||"21864904"|"64477757"
"Eg"||"E"||||25|||41|||16||0|0|0|0|0|0|100|100|100|100|100|100|95|97.5|100|80|90|100|20|27.1|35|0|2.2|3|1|3.1|5|1|4.4|10|5|8.5|20|5|8.9|20|38.4|54.4|70.4|||||||10|18.5|27||||0.5|0.75|1||||1.3|1.48|1.65|||||1.55|||1.4|2.7|4|0.2|0.22|0.23|||||27.5|||12|||41||0|1.5|2.9|15|22.5|30|0|5|10|0|2|9|".55"|".55"|0|0|0|0|0|0|0|0|0|0|0|0|4|7|10||||2|6|10|5.1|6.1|7|||||||||||||||||||||||||||||||||"21864904"|"64477758"
"Btg1"||"B"||1||41|||74|||33||0|0|0|0|0|0|100|100|100|100|100|100|95|97.5|100|85|92.5|100|5|7.7|30|0|0.2|1|0|0.5|1|0|0.9|5|1|2.4|20|2|3.7|15|29.8|49.8|69.8|||||||35|42.5|50||||0.5|0.75|1||||1.2|1.38|1.55|||||1.71|||0.01|0.21|0.42|0.19|0.2|0.21|||||31.9|||24.3|||45||6|7.5|8.9|41|50.5|60|20|27.5|35|17|28|40|".37"|".37"|0|0|0|0|0|0|0|0|0|0|0|0|12|18|24|12|18|24|5|16|24|4.5|5.3|6|||||||||||||||||||||||||||||||||"21864904"|"64477759"
"Ap"||"A"|||0|0|0|10|18|30|10|18|30|0|0|0|0|0|0|100|100|100|100|100|100|92|99|100|81|92|100|1|11.7|23|0|0.2|0.4|0|0.4|0.8|0.1|0.9|1.7|0.3|3.5|6.9|0.6|6.7|13.2|50|69.8|87|||||||12|18.5|27|0|0|0|0.5|1.25|2||||1.45|1.47|1.49||||1.52|1.54|1.59|2.65|4|9|14|0.15|0.18|0.2||||23.6|28|32|7.8|12.6|18.5|42|42|43|0.9|1.5|2.7|24|31|41|7|12|18|3|10|20|".43"|".43"|0|0|0|0|0|0|0|0|0|0|1|2|6.4|10|14.6||||2.6|7.2|12.6|5|5.5|6||||||||||3.6|6.3|9.2|||||||||||||||||||||"21864896"|"64477732"
"Btg1"||"B"||1|15|41|45|41|79|96|25|38|51|0|0|0|0|0|0|100|100|100|100|100|100|92|100|100|83|96|100|0.5|6.8|28|0|0|0|0|0|0.1|0|0.2|0.8|0.1|1.9|7.8|0.4|4.7|19.3|40|67.2|81.5|||||||18|26|32|0|0|0|0.5|0.75|1||||1.39|1.42|1.45||||1.47|1.5|1.54|2.66|1.4|2.7|4|0.15|0.18|0.2||||26.6|30.2|32.6|10.9|15.7|19.4|43|44|45|1|1.8|2.7|29|37|43|12|18|22|8|17|24|".49"|".49"|0|0|0|0|0|0|0|0|0|0|1|2||||5.3|8.3|11.1|3.1|7.9|9.5|4.5|5.3|6||||||||||2|7.1|12.2|||||||||||||||||||||"21864896"|"64477733"
"Btg2"||"B"||2|41|79|96|66|105|147|25|26|106|0|0|0|0|0|0|100|100|100|100|100|100|91|99|100|82|94|100|0.5|7.3|26|0|0.4|1.4|0|0.6|2.1|0.1|1|3.6|0.2|2.3|8.2|0.2|3|10.7|40|64.7|81.5|||||||18|28|34|0|0|0|0.5|0.75|1||||1.39|1.43|1.47||||1.48|1.52|1.56|2.67|1.4|2.7|4|0.15|0.18|0.2||||26.6|31.1|33.3|11|17|20.7|43|44|46|1|2|3|29|38|45|12|19|24|8|18|26|".49"|".49"|0|0|0|0|0|0|0|0|0|0|1|2||||5.3|9|11.9|3.1|8.5|9.6|4.5|5.3|6||||||||||2|7.4|12.6|||||||||||||||||||||"21864896"|"64477734"
"BCg"||"BC"|||66|105|147|91|151|163|25|46|77|0|0|0|0|0|0|100|100|100|100|100|100|93|99|100|84|92|100|20|25|52|0|0|0|1.6|2|4.2|2.4|3|6.2|9.6|12|25|6.4|8|16.6|28|55|75|||||||5|20|28|0|0|0|0|0.25|0.5||||1.53|1.54|1.56||||1.61|1.62|1.67|2.67|4|9|14|0.15|0.18|0.2||||17|28|31.7|3.1|12.7|17.9|39|40|41|0.3|1.7|2.8|16|30|38|2|13|19|0|10|20|".49"|".49"|0|0|0|0|0|0|0|0|0|0|1|2|2.6|10.5|14.8||||0.6|7.9|14.8|4.5|5.9|7.3||||||||||0|4.6|9.7|||||||||||||||||||||"21864896"|"64477735"
"Cg"||"C"|||91|151|163|183|183|200|20|32|109|0|0|0|0|0|0|100|100|100|100|100|100|93|99|100|84|92|100|20|25|52|0|0|0|1.6|2|4.2|2.4|3|6.2|9.6|12|25|6.4|8|16.6|30|65|75|||||||5|10|25|0|0|0|0|0.25|0.5||||1.39|1.46|1.52||||1.42|1.49|1.57|2.66|4|9|14|0.15|0.18|0.2||||16.7|21.8|29.9|2.9|6.2|15.3|41|43|45|0.3|0.7|2.4|16|21|36|2|6|17|0|2|17|".55"|".55"|0|0|0|0|0|0|0|0|0|0|1|2|2.6|5.3|13.2||||1.3|4.3|13.2|4.5|5.9|7.3||||||||||0|3.5|9.4|||||||||||||||||||||"21864896"|"64477736"
"BAg"||"BA"|||10|18|30|15|41|45|15|23|31|0|0|0|0|0|0|100|100|100|100|100|100|92|100|100|84|96|100|0.5|6.8|30|0|0|0|0|0|0.1|0|0.2|0.8|0.1|1.9|8.4|0.4|4.7|20.7|43|67.2|81.5|||||||18|26|27|0|0|0|0.5|0.75|1||||1.31|1.35|1.39||||1.38|1.42|1.43|2.66|1.4|2.7|4|0.15|0.18|0.2||||26.1|29.7|30.3|10.3|14.9|15.8|45|47|48|1|1.8|2|29|37|38|12|17|18|8|16|19|".49"|".49"|0|0|0|0|0|0|0|0|0|0|1|2||||5.3|8.3|9.1|3.3|7.9|9.1|4.5|5.3|6||||||||||2|7.1|11.3|||||||||||||||||||||"21864896"|"64477737"
"Ap"||"A"|||0|0|0|8|15|25|8|15|25|0|0|0|0|0|0|100|100|100|100|100|100|94|99|100|86|91|99|8|13.6|25|0.1|0.1|0.3|0.2|0.4|0.7|0.6|1|1.8|2.3|3.9|7.2|4.8|8.2|15|50|68.9|80|||||||12|17.5|25|0|0|1|0.5|1.2|2||||1.43|1.44|1.46||||1.49|1.5|1.54|2.65|4|9|14|0.14|0.17|0.2||||23.4|27.2|31.1|7.6|11.7|17|43|43|44|0.8|1.4|2.3|23|30|39|7|11|17|3|9|18|".49"|".49"|0|0|1|0|0|0|0|0|0|0|1|2|6.4|9.4|13||||2.3|6.2|52|4.5|5.5|6.5||||||||||2.1|6.1|10.3|||||||||||||||||||||"21864897"|"64477738"
"Eg"||"E"|||8|15|25|30|38|43|5|23|35|0|0|0|0|0|0|100|100|100|100|100|100|98|99|100|90|91|96|8|14.3|25|0.1|0.1|0.1|0.2|0.4|0.7|0.6|1|1.8|2.3|4.1|7.2|4.9|8.7|15.2|57|72.7|80|||||||12|13|18|0|0|1|0.5|0.75|1||||1.48|1.48|1.49||||1.52|1.52|1.54|2.65|4|9|14|0.14|0.17|0.2||||23.6|24.6|27.5|7.8|8.7|12|42|42|42|0.8|1|1.4|23|25|30|7|8|12|4|5|10|".64"|".64"|0|0|1|0|0|0|0|0|0|0|1|2|6.4|7|9.1||||2|4.1|48.1|4.5|5.5|6.5||||||||||2.1|5.4|8.9|||||||||||||||||||||"21864897"|"64477739"
"Btg"||"B"|||30|38|43|64|142|185|21|104|155|0|0|0|0|0|0|100|100|100|100|100|100|89|99|100|84|94|100|2|7.3|35|0.1|0.4|1.9|0.2|0.6|2.9|0.3|1|4.8|0.6|2.3|11|0.8|3|14.4|38.9|64.7|80|||||||18|28|35|0|0|1|0.5|0.75|1||||1.39|1.44|1.5||||1.51|1.56|1.61|2.67|0.42|1|1.4|0.14|0.17|0.2||||26.7|31.1|33.7|11|17.1|21.4|42|44|46|1.4|2.8|3.8|29|39|46|11|19|25|7|18|27|".49"|".49"|0|0|1|0|0|0|0|0|0|0|1|2|9.6|14.9|18.1||||3|11.8|57.1|4.5|5.5|6.5||||||||||2.8|7|10.7|||||||||||||||||||||"21864897"|"64477740"
"BCg"||"BC"|||64|142|185|203|203|203|18|61|139|0|0|0|0|0|0|100|100|100|100|100|100|89|98|100|67|76|85|6.1|36.9|42|0.1|0.2|0.2|0.1|1|1.2|0.5|2.6|3|1.8|10.6|12.1|3.6|22.5|25.5|28|42.1|80|||||||12|21|30|0|0|1|0|0.25|0.5||||1.47|1.48|1.5||||1.55|1.56|1.62|2.67|1.4|7.5|14|0.1|0.15|0.2||||22.9|28.1|32|7.1|12.8|18.4|42|42|43|0.8|1.8|3|22|31|40|7|14|21|1|8|17|".49"|".49"|0|0|1|0|0|0|0|0|0|0|1|2|6.1|11|15.3||||3.8|10.1|54.3|5.1|6.5|7.8||||||||||0|2.9|8.1|||||||||||||||||||||"21864897"|"64477741"
"Ap"||"A"|||0|0|0|10|15|20||15||0|0|0|0|0|0|100|100|100|100|100|100|93|99|100|78|87|95|12|20.7|32|0|0.1|0.1|0.2|0.4|0.6|0.6|1.2|1.9|3.4|5.7|8.8|7.8|13.3|20.6|50|67.3|80|||||||8|12|18|0|0|0|0.5|1.25|2||||1.47|1.48|1.49||||1.5|1.51|1.53|2.64|4|9|14|0.2|0.21|0.22||||20.8|24.7|28.6|5.5|8.9|13.4|41|42|42|0.4|0.6|1.1|20|25|32|4|7|12|0|4|11|".49"|".49"|0|0|0|0|0|0|0|0|0|0|1|2||||1.9|3.2|5.7|1.2|1.7|5.7|4.5|5|5.5||||||||||3.4|5.9|8.7|||||||||||||||||||||"21864898"|"64477742"
"C"||"C"|||10|15|20|40|58|75||43||0|0|0|0|0|0|100|100|100|100|100|100|93|99|100|78|87|95|12|20.7|32|0|0.1|0.1|0.2|0.4|0.6|0.6|1.2|1.9|3.4|5.7|8.8|7.8|13.3|20.6|50|67.3|80|||||||8|12|18|0|0|0|0.5|0.75|1||||1.38|1.42|1.47||||1.41|1.45|1.5|2.65|4|9|14|0.2|0.21|0.22||||20.5|23.6|27.1|5.2|7.8|11.5|42|44|46|0.4|0.7|1.1|20|24|30|4|7|12|0|4|10|".55"|".55"|0|0|0|0|0|0|0|0|0|0|1|2||||2.1|3.4|5.7|2.1|3.1|3.4|4.5|5|5.5||||||||||3.4|5.1|7.1|||||||||||||||||||||"21864898"|"64477743"
"Cg"||"C"|||40|58|75|122|183|200||125||0|0|0|0|0|0|100|100|100|100|100|100|92|99|100|82|92|100|8|11.6|20|0.1|0.2|0.3|0.2|0.4|0.8|0.5|0.9|1.6|1.8|3.4|5.8|3.4|6.7|11.5|48|69.4|80|||||||12|19|32|0|0|0|0.25|0.5|0.75||||1.4|1.44|1.49||||1.45|1.49|1.56|2.66|0.42|7|14|0.14|0.18|0.22||||23|27.2|32.6|7.3|11.6|19.4|42|44|45|0.7|1.2|2.8|23|30|42|7|13|22|3|10|23|".49"|".49"|0|0|0|0|0|0|0|0|0|0|1|2||||3.4|6.1|12|3.4|4.5|6.7|4.5|5|5.5||||||||||3.6|5.7|8.8|||||||||||||||||||||"21864898"|"64477744"
"A"||"A"||||0|||28|||28||0|0|0|0|0|0|100|100|100|100|100|100|100|100|100|60|75|90|50|60.7|||0.3|||1|||3.6|||19.5|||36.3|||27.8||||||||5|11.5|18||||0.5|1.25|2||||1.4|1.45|1.5|||||1.52|||4|9|14|0.2|0.21|0.22|||||18.1|||8.4|||42||0|1.5|2.9|20|27.5|35|3|6.5|10|0|3|9|".43"|".43"|0|0|0|0|0|0|0|0|0|0|0|0|2|6|10|||||||5.1|5.6|6|||||||||||||||||||||||||||||||||"21864907"|"64477760"
"Bt"||"B"||||28|||102|||74||0|0|0|0|0|0|100|100|100|100|100|100|85|90|95|55|72.5|90|1|13.6|||0.1|||0.4|||1|||3.9|||8.2|||68.9||||||||10|17.5|25||||0|0.5|1||||1.4|1.45|1.5|||||1.52|||14|28|42|0.2|0.21|0.22|||||26.5|||10.8|||42||0|1.5|2.9|20|27.5|35|3|8.5|14|0|4|12|".49"|".49"|0|0|0|0|0|0|0|0|0|0|0|0||||4|6|8||||4.5|5.3|6|||||||||||||||||||||||||||||||||"21864907"|"64477761"
"A"||"A"||||0|||18|||18||0|0|0|0|0|0|100|100|100|100|100|100|90|95|100|75|86.5|98|1|11.7|||0.2|||0.4|||0.9|||3.5|||6.7|||69.8||||||||10|18.5|27||||0.5|1.25|2||||1.3|1.5|1.7|||||1.57|||4|9|14|0.15|0.18|0.2|||||28.2|||12.8|||40||0|1.5|2.9|20|27.5|35|3|7|11|0|4|11|".43"|".43"|0|0|0|0|0|0|0|0|0|0|0|0|5|10|15|||||||5.1|5.6|6|||||||||||||||||||||||||||||||||"21864909"|"64477762"
"C"||"C"||||79|||183|||104||0|0|0|0|0|0|100|100|100|100|100|100|85|92.5|100|60|75|90|30|56.5|||0.3|||1.1|||3.7|||19|||32.4|||24.5||||||||18|19|25||||0|0.25|0.5||||1.3|1.5|1.7|||||1.57|||4|9|14|0.15|0.18|0.2|||||22.3|||13.2|||41||0|1.5|2.9|15|22.5|30|0|4|8|0|0|6|".43"|".43"|0|0|0|0|0|0|0|0|0|0|0|0|8|11|14|||||||4.5|5.9|7.3|||||||||||||||||||||||||||||||||"21864909"|"64477763"
"Btg"||"B"||||18|||79|||61||0|0|0|0|0|0|100|100|100|100|100|100|90|95|100|70|82.5|95|0.5|6.9|||0.4|||0.6|||0.9|||2.2|||2.8|||63.1||||||||18|30|34||||0.5|0.75|1||||1.3|1.5|1.7|||||1.71|||1.4|2.7|4|0.15|0.18|0.2|||||32.3|||19|||40||3|4.5|5.9|28|36|44|12|17|22|6|13|22|".43"|".43"|0|0|0|0|0|0|0|0|0|0|0|0||||5|8.5|12||||4.5|5.3|6|||||||||||||||||||||||||||||||||"21864909"|"64477764"
"A"||"A"||||0|||15|||15||0|0|0|0|0|0|100|100|100|95|97.5|100|60|80|100|15|22.5|30||82.5|||1.1|||11.9|||26.1|||31.4|||12|||9||||||||5|8.5|12|0|0|0|0.5|1.25|2||||1.45|1.5|1.55|||||1.57|||42|92|141|0.06|0.08|0.1||21.5|||16.4|||6.8|||39||0|1.5|2.9|0|7|14|0|0|0|0|0|0|".05"|".05"|0|0|0|0|0|0|0|0|0|0|0|0|4|7|10||||0|2|4|5.6|7|8.4|||||||||||||||||||||||||||||||||"21864912"|"64477765"
"C"||"C"||||15|||165|||150||0|0|0|0|0|0|100|100|100|95|97.5|100|50|75|100|5|12.5|20||93.6|||0.7|||12.8|||36.2|||36.9|||7|||1.4||||||||2|5|8|0|0|0|0|0.25|0.5||||1.4|1.45|1.5|||||1.52|||42|92|141|0.02|0.04|0.06||13.6|||9.7|||3.2|||41||0|1.5|2.9|0|7|14|0|0|0|0|0|0|".02"|".02"|0|0|0|0|0|0|0|0|0|0|0|0|1|4.5|8||||0|2|4|5.6|7|8.4|||||||||||||||||||||||||||||||||"21864912"|"64477766"
"Btg"||"B"||||86|||140|||54||0|0|0|0|0|0|100|100|100|100|100|100|85|92.5|100|50|70|90||29.3|||2.4|||3.5|||4.8|||9.2|||9.4|||53.7||||||||7|17|27||||0|0.25|0.5||||1.3|1.43|1.55|||||1.5|||4|9|14|0.13|0.19|0.24|||||25.8|||10.1|||43||0|1.5|2.9|25|32.5|40|7|13.5|20|0|7|18|".49"|".49"|0|0|0|0|0|0|0|0|0|0|0|0|5|12.5|20|||||||5.1|5.8|6.5|||||||||||||||||||||||||||||||||"21864935"|"64477824"
"Ap"||"A"||||0|||86|||86||0|0|0|0|0|0|100|100|100|100|100|100|95|97.5|100|75|85|95|0.5|1.8|3||0|||0|||0.1|||0.5|||1.2|||40.7||||||||40|57.5|75||||1|2|3||||1.2|1.35|1.5|||||1.68|||0.42|1|1.4|0.12|0.15|0.18|||||19.5|||33.1|||45||6|7.5|8.9|55|70|85|30|42.5|55|23|40|61|".24"|".24"|0|0|0|0|0|0|0|0|0|0|0|0|25|35|45|||||||5.1|5.8|6.5|||||||||||||||||||||||||||||||||"21864935"|"64477825"
"A"||"A"||||0|||15|||15||0|0|0|0|0|0|100|100|100|100|100|100|95|97.5|100|90|95|100|15|24.8|35|0|2.1|3|1|2.8|5|0|2.5|5|5|7.5|20|5|9.9|20|38.2|52.7|67.2|||||||18|22.5|27||||1|2|3||||1.5|1.53|1.55|||||1.75|||1.4|2.7|4|0.2|0.21|0.22|||||30.8|||16.6|||39||3|4.5|5.9|30|44|58|12|21|30|9|22|35|".43"|".43"|0|0|0|0|0|0|0|0|0|0|0|0|12|19|26||||9|20|31|5.1|5.6|6|||||||||||||||||||||||||||||||||"21864937"|"64477826"
"Btg2"||"B"||2||66|||183|||117||0|0|0|0|0|0|100|100|100|100|100|100|95|97.5|100|75|87.5|100|15|57.9|70|0|0.3|1|0|1.1|2|1|3.8|6|10|19.5|40|25|33.2|45|0|23.1|63.1|||||||10|19|35||||0|0.25|0.5||||1.45|1.5|1.55|||||1.71|||1.4|2.7|4|0.17|0.2|0.22|||||22.7|||13.8|||41||3|4.5|5.9|20|35|50|5|17.5|30|1|14|33|".43"|".43"|0|0|0|0|0|0|0|0|0|0|0|0|2|10|18||||1|9|18|4.5|6.2|7.8|||||||||||||||||||||||||||||||||"21864937"|"64477827"
"Btg1"||"B"||1||15|||66|||51||0|0|0|0|0|0|100|100|100|100|100|100|95|97.5|100|90|95|100|2|5.5|15|0|0.2|1|0|0.3|1|0|0.6|2|0|1.7|10|2|2.7|10|28|47|66|||||||35|47.5|60||||0.5|0.75|1||||1.5|1.55|1.6|||||1.93|||0.01|0.21|0.42|0.14|0.16|0.18|||||35|||30.4|||39||6|7.5|8.9|40|52.5|65|20|30|40|18|31|46|".32"|".32"|0|0|0|0|0|0|0|0|0|0|0|0||||15|27.5|40|4|17|31|4.5|5.3|6|||||||||||||||||||||||||||||||||"21864937"|"64477828"
"A"||"A"||||0|||15|||15||0|0|0|0|0|0|100|100|100|100|100|100|95|97.5|100|90|95|100|10|19.7|20|0|0.2|1|0|0.5|1|0|1.3|5|1|5.7|10|5|12|15|37.3|47.8|58.3|||||||27|32.5|38||||1|2|3||||1.5|1.53|1.55|||||1.75|||1.4|2.7|4|0.2|0.21|0.22|||||34.4|||22.6|||39||3|4.5|5.9|30|44|58|12|21|30|9|22|35|".37"|".37"|0|0|0|0|0|0|0|0|0|0|0|0|18|27|36||||9|20|31|5.1|5.6|6|||||||||||||||||||||||||||||||||"21864940"|"64477829"
"Btg2"||"B"||2||66|||183|||117||0|0|0|0|0|0|100|100|100|100|100|100|95|97.5|100|75|87.5|100|15|57.9|70|0|0.3|1|0|1.1|2|1|3.8|6|10|19.5|40|25|33.2|45|0|23.1|63.1|||||||10|19|35||||0|0.25|0.5||||1.45|1.5|1.55|||||1.71|||1.4|2.7|4|0.17|0.2|0.22|||||22.7|||13.8|||41||3|4.5|5.9|20|35|50|5|17.5|30|1|14|33|".43"|".43"|0|0|0|0|0|0|0|0|0|0|0|0|2|10|18||||1|9|18|4.5|6.2|7.8|||||||||||||||||||||||||||||||||"21864940"|"64477830"
"Btg1"||"B"||1||15|||66|||51||0|0|0|0|0|0|100|100|100|100|100|100|95|97.5|100|90|95|100|2|5.5|15|0|0.2|1|0|0.3|1|0|0.6|2|0|1.7|10|2|2.7|10|28|47|66|||||||35|47.5|60||||0.5|0.75|1||||1.5|1.55|1.6|||||1.93|||0.01|0.21|0.42|0.14|0.16|0.18|||||35|||30.4|||39||6|7.5|8.9|40|52.5|65|20|30|40|18|31|46|".32"|".32"|0|0|0|0|0|0|0|0|0|0|0|0||||15|27.5|40|4|17|31|4.5|5.3|6|||||||||||||||||||||||||||||||||"21864940"|"64477831"
"A"||"A"||||0|||33|||33||0|0|0|0|0|0|100|100|100|100|100|100|90|95|100|85|90|95|1|11.4|12||0.1|||0.4|||0.9|||3.4|||6.6|||68.6||||||||15|20|25||||0.5|1.25|2||||1.4|1.48|1.55|||||1.55|||4|9|14|0.2|0.22|0.24|||||28.7|||13.5|||41||0|1.5|2.9|16|24|32|3|7.5|12|0|4|11|".49"|".49"|0|0|0|0|0|0|0|0|0|0|0|0|8|11.5|15|||||||5.1|5.8|6.5|||||||||||||||||||||||||||||||||"21864943"|"64477832"
"Bt"||"B"||||33|||97|||64||0|0|0|0|0|0|100|100|100|100|100|100|90|95|100|90|92.5|95|0.5|8.6|12||0|||0|||0.2|||2.4|||6|||65.4||||||||20|26|35||||0.5|0.75|1||||1.35|1.43|1.5|||||1.5|||0.42|1|1.4|0.18|0.2|0.22|||||31.8|||18.1|||43||0|1.5|2.9|20|30|40|5|11|17|1|9|17|".49"|".49"|0|0|0|0|0|0|0|0|0|0|0|0|10|15|20|||||||4.5|5.5|6.5|||||||||||||||||||||||||||||||||"21864943"|"64477833"
"BC"||"BC"||||97|||122|||25||0|0|0|0|0|0|100|100|100|100|100|100|90|95|100|85|90|95|0.5|9.5|12||0|||0|||0.2|||2.6|||6.7|||68||||||||18|22.5|27||||0|0.25|0.5||||1.35|1.45|1.55|||||1.52|||0.42|1|1.4|0.2|0.22|0.24|||||28.6|||13.4|||42||0|1.5|2.9|16|24|32|3|7.5|12|0|4|11|".55"|".55"|0|0|0|0|0|0|0|0|0|0|0|0|8|11.5|15|||||||5.1|6.2|7.3|||||||||||||||||||||||||||||||||"21864943"|"64477834"
"A"||"A"||||0|||15|||15||0|0|0|0|0|0|100|100|100|100|100|100|95|97.5|100|90|95|100|15|24.8|35|0|2.1|3|1|2.8|5|0|2.5|5|5|7.5|20|5|9.9|20|38.2|52.7|67.2|||||||18|22.5|27||||1|2|3||||1.5|1.53|1.55|||||1.75|||1.4|2.7|4|0.2|0.21|0.22|||||30.8|||16.6|||39||3|4.5|5.9|30|44|58|12|21|30|9|22|35|".43"|".43"|0|0|0|0|0|0|0|0|0|0|0|0|12|19|26||||9|20|31|5.1|5.6|6|||||||||||||||||||||||||||||||||"21864945"|"64477835"
"Btg2"||"B"||2||66|||183|||117||0|0|0|0|0|0|100|100|100|100|100|100|95|97.5|100|75|87.5|100|15|57.9|70|0|0.3|1|0|1.1|2|1|3.8|6|10|19.5|40|25|33.2|45|0|23.1|63.1|||||||10|19|35||||0|0.25|0.5||||1.45|1.5|1.55|||||1.71|||1.4|2.7|4|0.17|0.2|0.22|||||22.7|||13.8|||41||3|4.5|5.9|20|35|50|5|17.5|30|1|14|33|".43"|".43"|0|0|0|0|0|0|0|0|0|0|0|0|2|10|18||||1|9|18|4.5|6.2|7.8|||||||||||||||||||||||||||||||||"21864945"|"64477836"
"Btg1"||"B"||1||15|||66|||51||0|0|0|0|0|0|100|100|100|100|100|100|95|97.5|100|90|95|100|2|5.5|15|0|0.2|1|0|0.3|1|0|0.6|2|0|1.7|10|2|2.7|10|28|47|66|||||||35|47.5|60||||0.5|0.75|1||||1.5|1.55|1.6|||||1.93|||0.01|0.21|0.42|0.14|0.16|0.18|||||35|||30.4|||39||6|7.5|8.9|40|52.5|65|20|30|40|18|31|46|".32"|".32"|0|0|0|0|0|0|0|0|0|0|0|0||||15|27.5|40|4|17|31|4.5|5.3|6|||||||||||||||||||||||||||||||||"21864945"|"64477837"
"A"||"A"||||0|||25|||25||0|0|0|0|0|0|100|100|100|100|100|100|65|72.5|80|35|42.5|50|50|63.1|||0|||2.2|||13.6|||31.6|||15.7|||19.4||||||||15|17.5|20||||1|2|3||||1.3|1.4|1.5|||||1.46|||14|28|42|0.13|0.16|0.18|||||21.6|||12.4|||43||0|1.5|2.9|20|25|30|5|7.5|10|0|0|2|".20"|".20"|0|0|0|0|0|0|0|0|0|0|0|0|8|10|12||||10|15|20|6.1|6.7|7.3|||||||||||||||||||||||||||||||||"21864914"|"64477767"
"C2"||"C"||2||132|||152|||20||0|0|0|0|0|0|100|100|100|100|100|100|85|90|95|75|85|95|50|60|||5.3|||14.3|||14.5|||16.1|||9.8|||21||||||||15|19|30||||0.5|0.75|1||||1.3|1.4|1.5|||||1.46|||4|9|14|0.17|0.2|0.22|||||24.1|||15.8|||44||0|1.5|2.9|25|35|45|10|17.5|25|5|14|25|".24"|".24"|0|0|0|0|0|0|0|0|0|0|0|0|9|17|25||||10|15|20|6.1|7|7.8|||||||||||||||||||||||||||||||||"21864914"|"64477768"
"C1"||"C"||1||25|||132|||107||0|0|0|0|0|0|100|100|100|100|100|100|85|90|95|75|85|95|0.5|6.8|35||0|||0|||0.2|||1.9|||4.7|||66.7||||||||18|26.5|45||||0.5|0.75|1||||1.3|1.4|1.5|||||1.46|||4|9|14|0.17|0.2|0.22|||||24.1|||15.8|||44||0|1.5|2.9|25|35|45|10|17.5|25|5|14|25|".49"|".49"|0|0|0|0|0|0|0|0|0|0|0|0|9|17|25||||10|15|20|6.1|7|7.8|||||||||||||||||||||||||||||||||"21864914"|"64477769"
"A"||"A"||||0|||23|||23||0|0|0|0|0|0|100|100|100|100|100|100|95|97.5|100|90|95|100|1|11.8|15|0|0.2|0.5|0|0.4|1|0|0.9|2|1|3.5|5|2|6.8|10|55.2|70.2|85.2|||||||10|18|26||||0.5|2.25|4||||1.35|1.5|1.65|||||1.57|||4|9|14|0.21|0.22|0.23|||||29|||13.9|||40||0|1.5|2.9|23|27|31|4|7|10|1|5|10|".43"|".43"|0|0|0|0|0|0|0|0|0|0|0|0|5|10|15||||10|20|30|5.6|6.7|7.8|||||||||||||||||||||||||||||||||"21864916"|"64477770"
"Cg"||"C"||||91|||152|||61||0|0|0|0|0|0|90|95|100|90|95|100|85|92.5|100|85|92.5|100|15|59|65|0|0.3|0.5|0|1.1|1.5|0|3.9|5|1|19.8|20|15|33.9|40|0|23|58.5|||||||14|18|35||||0.5|0.75|1||||1.35|1.53|1.7|||||1.75|||1.4|2.7|4|0.2|0.22|0.23|||||20.7|||11.7|||37||3|4.5|5.9|23|31.5|40|4|10.5|17|1|9|18|".43"|".43"|0|1|2|0|0|0|0|0|0|0|0|0|5|17.5|30||||10|20|30|6.6|7.5|8.4|||||||||||||||||||||||||||||||||"21864916"|"64477771"
"Btg"||"B"||||23|||91|||68||0|0|0|0|0|0|85|92.5|100|85|92.5|100|80|87.5|95|80|87.5|95|0.5|6.9|15|0|0.4|0.5|0|0.6|1|0|0.9|2|1|2.2|5|2|2.8|10|47.3|63.1|78.8|||||||18|30|35||||0.5|0.75|1||||1.35|1.53|1.7|||||1.76|||1.4|2.7|4|0.2|0.21|0.22|||||31.1|||18.5|||36||3|4.5|5.9|32|40|48|11|17.5|24|7|15|25|".43"|".43"|0|1|2|0|0|0|0|0|0|0|0|0|5|17.5|30||||10|20|30|6.6|7.5|8.4|||||||||||||||||||||||||||||||||"21864916"|"64477772"
"A"||"A"||||0|||28|||28||0|0|0|0|0|0|100|100|100|100|100|100|95|97.5|100|65|80|95||43.8|||0|||0.1|||0.6|||7.8|||35.3|||44.2||||||||8|12|16||||1|2|3||||1.4|1.45|1.5|||||1.52|||4|9|14|0.2|0.22|0.23|||||25.5|||9.7|||42||0|1.5|2.9|15|22.5|30|0|5|10|0|1|9|".43"|".43"|0|0|0|0|0|0|0|0|0|0|0|0|4|6.5|9||||2|6|10|5.6|6.7|7.8|||||||||||||||||||||||||||||||||"21864988"|"64477900"
"Bt"||"B"||||28|||183|||155||0|0|0|0|0|0|100|100|100|100|100|100|95|97.5|100|65|80|95||60.7|||0.3|||1|||3.6|||19.5|||36.3|||27.8||||||||5|11.5|18||||0.5|0.75|1||||1.4|1.48|1.55|||||1.55|||4|9|14|0.2|0.22|0.23|||||17.6|||7.9|||41||0|1.5|2.9|15|22.5|30|0|5|10|0|1|9|".49"|".49"|0|0|0|0|0|0|0|0|0|0|0|0|2|6|10||||2|6|10|5.1|6.5|7.8|||||||||||||||||||||||||||||||||"21864988"|"64477901"
"A"||"A"||||0|||33|||33||0|0|0|0|0|0|100|100|100|100|100|100|90|95|100|85|90|95|1|11.4|12||0.1|||0.4|||0.9|||3.4|||6.6|||68.6||||||||15|20|25||||0.5|1.25|2||||1.4|1.48|1.55|||||1.55|||4|9|14|0.2|0.22|0.24|||||28.7|||13.5|||41||0|1.5|2.9|16|24|32|3|7.5|12|0|4|11|".49"|".49"|0|0|0|0|0|0|0|0|0|0|0|0|8|11.5|15|||||||5.1|5.8|6.5|||||||||||||||||||||||||||||||||"21864990"|"64477902"
"Bt"||"B"||||33|||97|||64||0|0|0|0|0|0|100|100|100|100|100|100|90|95|100|90|92.5|95|0.5|6.9|12||0.4|||0.6|||0.9|||2.2|||2.8|||63.1||||||||20|30|35||||0.5|0.75|1||||1.35|1.43|1.5|||||1.5|||0.42|1|1.4|0.18|0.2|0.22|||||31.8|||18.1|||43||0|1.5|2.9|20|30|40|5|11|17|1|9|17|".49"|".49"|0|0|0|0|0|0|0|0|0|0|0|0|10|15|20|||||||4.5|5.5|6.5|||||||||||||||||||||||||||||||||"21864990"|"64477903"
"BC"||"BC"||||97|||122|||25||0|0|0|0|0|0|100|100|100|100|100|100|90|95|100|85|90|95|0.5|9.5|12||0|||0|||0.2|||2.6|||6.7|||68||||||||18|22.5|27||||0|0.25|0.5||||1.35|1.45|1.55|||||1.52|||0.42|1|1.4|0.2|0.22|0.24|||||28.6|||13.4|||42||0|1.5|2.9|16|24|32|3|7.5|12|0|4|11|".55"|".55"|0|0|0|0|0|0|0|0|0|0|0|0|8|11.5|15|||||||5.1|6.2|7.3|||||||||||||||||||||||||||||||||"21864990"|"64477904"
"A"||"A"||||0|||18|||18||0|0|0|0|0|0|100|100|100|100|100|100|90|95|100|75|86.5|98|1|11.7|||0.2|||0.4|||0.9|||3.5|||6.7|||69.8||||||||10|18.5|27||||0.5|1.25|2||||1.3|1.5|1.7|||||1.57|||4|9|14|0.15|0.18|0.2|||||28.2|||12.8|||40||0|1.5|2.9|20|27.5|35|3|7|11|0|4|11|".43"|".43"|0|0|0|0|0|0|0|0|0|0|0|0|5|10|15|||||||5.1|5.6|6|||||||||||||||||||||||||||||||||"21864992"|"64477905"
"C"||"C"||||79|||183|||104||0|0|0|0|0|0|100|100|100|100|100|100|85|92.5|100|60|75|90|15|59|||0.3|||1.1|||3.9|||19.8|||33.9|||23||||||||18|18|25||||0|0.25|0.5||||1.3|1.5|1.7|||||1.57|||4|9|14|0.15|0.18|0.2|||||20.6|||11.1|||41||0|1.5|2.9|15|22.5|30|0|4|8|0|0|6|".43"|".43"|0|0|0|0|0|0|0|0|0|0|0|0|8|11|14|||||||4.5|5.9|7.3|||||||||||||||||||||||||||||||||"21864992"|"64477906"
"Btg"||"B"||||18|||79|||61||0|0|0|0|0|0|100|100|100|100|100|100|90|95|100|70|82.5|95|0.5|6.9|||0.4|||0.6|||0.9|||2.2|||2.8|||63.1||||||||18|30|34||||0.5|0.75|1||||1.3|1.5|1.7|||||1.71|||1.4|2.7|4|0.15|0.18|0.2|||||32.3|||19|||40||3|4.5|5.9|28|36|44|12|17|22|6|13|22|".43"|".43"|0|0|0|0|0|0|0|0|0|0|0|0||||5|8.5|12||||4.5|5.3|6|||||||||||||||||||||||||||||||||"21864992"|"64477907"
"A"||"A"||||0|||15|||15||0|0|0|0|0|0|100|100|100|95|97.5|100|60|80|100|15|22.5|30||82.5|||1.1|||11.9|||26|||31.4|||12.1|||9||||||||5|8.5|12|0|0|0|0.5|1.25|2||||1.45|1.5|1.55|||||1.57|||42|92|141|0.06|0.08|0.1||21.5|||16.4|||6.8|||39||0|1.5|2.9|0|7|14|0|0|0|0|0|0|".05"|".05"|0|0|0|0|0|0|0|0|0|0|0|0|4|7|10||||0|2|4|5.6|7|8.4|||||||||||||||||||||||||||||||||"21864993"|"64477908"
"C"||"C"||||15|||165|||150||0|0|0|0|0|0|100|100|100|95|97.5|100|50|75|100|5|12.5|20||93.6|||0.7|||12.8|||36.3|||36.9|||6.9|||1.4||||||||2|5|8|0|0|0|0|0.25|0.5||||1.4|1.45|1.5|||||1.52|||42|92|141|0.02|0.04|0.06||13.6|||9.7|||3.2|||41||0|1.5|2.9|0|7|14|0|0|0|0|0|0|".02"|".02"|0|0|0|0|0|0|0|0|0|0|0|0|1|4.5|8||||0|2|4|5.6|7|8.4|||||||||||||||||||||||||||||||||"21864993"|"64477909"
"Ap"||"A"|||0|0|0|10|13|30|10|13|30|0|0|0|0|0|0|100|100|100|100|100|100|88|100|100|85|97|98|1|4.5|10||0|||0.1|||0.2|||1|||3.2||50|56.5|65||11.7|||44.8||27|39|40||||2|3.3|4||||1.1|1.25|1.4||||1.37|1.43|1.48|2.65|0.4|0.9|1.4|0.21|0.22|0.23||||23.7|34.6|35.6|15.7|23|24.9|43|49|54|3|4.5|5.9|39|54|56|19|27|28|16|30|32|".32"|".32"|0|0|0|0|0|0|0|0|0|0|1|2|15|22.5|30|15|20|25|5|9|29|4.5|4.9|7.3|||||||||||||||||||||||||||||||||"21864969"|"64477873"
"Bssg"||"B"|||10|13|30|125|142|152|115|129|140|0|0|0|0|0|0|100|100|100|100|100|100|88|100|100|84|97|100|0|6.1|10||0|||0|||0.1|||1.4|||4.6||40|40.3|60||9.6|||30.7||40|53.6|60||||0.5|1.4|1.5||||1.2|1.35|1.5||||1.75|1.82|1.89|2.65|0.4|0.9|1.4|0.11|0.12|0.13||||25.3|34.8|36.4|21.9|30.1|33.5|41|46|51|9|10.5|11.9|52|67|73|29|39|44|25|44|52|".24"|".24"|0|0|0|0|0|0|0|0|0|0|1|2|30|40|50|30|37.5|45|13|20|40|4.5|4.7|5.5|||||||||||||||||||||||||||||||||"21864969"|"64477874"
"Cg"||"C"|||125|142|152|152|203|203||61||0|0|0|0|0|0|100|100|100|100|100|100|98|99|100|87|99|100|1|8.2|20||0.1|||0.2|||0.5|||2.4|||5||40|56.9|80||18.7|||38.2||20|34.9|40||||0|0.3|0.5||||1.3|1.45|1.6||||1.73|1.8|1.87|2.65|1.4|2.7|14|0.18|0.19|0.22||||18.7|33.3|34.3|11.6|20.6|22.4|37|43|48|6|7.5|8.9|37|47|52|18|25|29|15|27|33|".43"|".43"|0|0|0|0|0|0|0|0|0|0|1|2|19|35|41||||17|35|41|6.1|7.6|7.8|||||||||||||||||||||||||||||||||"21864969"|"64477875"
"Ap"||"A"|||0|0|0|8|13|30|8|13|30|0|0|0|0|0|0|100|100|100|100|100|100|96|100|100|92|99|100|0.5|1.8|3|0|0.1|0.5|0|0.1|0.5|0|0.2|1|0.5|0.6|1|0|0.8|1|40|48.2|59.5|||||||40|50|57|0|0|0|1|2|3||||1.28|1.34|1.41||||1.73|1.79|1.89|2.55|0.01|0.21|0.42|0.06|0.07|0.08||||30.9|34.2|36.3|22.4|28.7|33.4|42|45|47|7.3|10.1|12.2|52|64|74|29|36|42|29|42|51|".28"|".28"|0|0|0|0|0|0|0|0|0|0|1|2|30.1|37.3|42.3||||11.1|34.7|50.3|5.6|6.7|7.8||||||||||7.6|17|25.4|||||||||||||||||||||"21864970"|"64477876"
"Bg"||"B"|||8|13|30|51|69|104|43|56|96|0|0|0|0|0|0|100|100|100|100|100|100|91|100|100|83|99|100|0|2.5|20|0|0|0.5|0|0|0.5|0|0|5|0.5|0.6|5|0|1.9|15|12.8|42.5|60|||||||40|55|75|0|0|0|0.5|0.75|1||||1.29|1.36|1.43||||1.71|1.78|2.04|2.56|0.01|0.21|0.42|0.05|0.06|0.07||||30.6|34.9|39.5|22|30.2|35.6|42|45|47|6|9.4|14.4|50|66|86|29|41|56|24|47|67|".28"|".28"|0|0|0|0|0|0|0|0|0|0|1|2|29.4|39.2|51.7||||7.1|31.3|59.7|5.6|6.7|7.8||||||||||7|17.5|29.3|||||||||||||||||||||"21864970"|"64477877"
"2Cg"|2|"C"|||51|69|104|91|140|200|40|71|96|0|0|0|0|0|0|100|100|100|100|100|100|88|100|100|57|74|92|18|39|55|0|0|0|0|0.1|0.1|0.2|0.4|0.5|7|15.1|21.5|10.8|23.4|32.9|15|42|74|||||||8|19|30|0|0|0|0.5|0.75|1||||1.4|1.54|1.68||||1.49|1.63|1.74|2.61|0.42|7|14|0.21|0.23|0.25||||21.1|28.1|32.8|5.7|12.8|19.8|34|39|44|0.8|2|4.2|20|31|42|4|12|21|0|7|20|".49"|".49"|0|0|0|0|0|0|0|0|0|0|1|2|7.4|15.7|23.5||||1.9|13.4|31.5|5.6|7|8.4||||||||||0|4.3|15.3|||||||||||||||||||||"21864970"|"64477878"
"3Cg"|3|"C"|||91|140|200|152|200|200|48|60|109|0|0|0|0|0|0|100|100|100|100|100|100|87|98|100|23|33|51|45|88|90|0.1|0.3|0.4|0.6|1.2|1.3|1.8|3.5|3.7|23.1|45|45.7|19.4|38|38.9|0|9|54.5|||||||0.5|3|10|0|0|0|0|0.5|1||||1.42|1.52|1.62||||1.43|1.53|1.63|2.64|2|4|6|0.09|0.13|0.16||||4.3|11|18|0.3|2.8|8.3|37|40|44|0|0.3|1|0|0|23|0|0|6|0|0|0|".43"|".43"|0|0|0|0|0|0|0|0|0|0|1|2|0.6|3.2|9.1||||0.2|9.2|17.1|5.6|7|8.4||||||||||0|0|8.2|||||||||||||||||||||"21864970"|"64477879"
"Bssg"||"B"|||10|23|25|91|124|200||101||0|0|0|0|0|0|100|100|100|100|100|100|95|100|100|91|99|100|0|0.8|10|0|0.1|1.3|0|0.2|2.5|0|0.1|1.3|0|0.1|2.5|0|0.3|3.8|15|28.6|40|1.7|1.7|2.5|13.3|26.9|37.5|60|70.6|85|0|0|3|0.75|0.9|1.5||||1.05|1.15|1.25||||1.49|1.74|1.84|2.65|0.01|0.21|0.4|0.09|0.1|0.11||||45.7|47.5|49.7|30.5|35.8|43.4|50|53|57|9|17|25|70|84|102|44|53|64|45|63|79|".20"|".20"|0|0|3|0|0|2|0|0|4|0|1|2|35|49.7|60||||31|45|58|6.1|6.6|7.3|6.1|6.3|7.3|||||||3.4|6.9|9.6|||||||||||||||||||"High"|"Moist"|"21864971"|"64477882"
"Cg"||"C"|||91|124|200|200|203|203||79||0|0|0|0|0|0|100|100|100|100|100|100|90|99|100|81|94|100|0|6.4|20|0|0.1|0.3|0|0.3|0.9|0|1.2|3.8|0|3.4|10.6|0|1.4|4.4|20|37.8|65|3.3|6.3|10.8|16.7|31.5|54.2|35|55.8|75|0|0|3|0.5|0.75|1||||1.15|1.25|1.35||||1.62|1.69|1.75|2.65|0.01|0.4|0.4|0.08|0.09|0.1||||21.1|43.1|46.2|18|29.6|39.7|46|50|53|9|10.5|11.9|48|67|85|25|41|55|20|44|65|".24"|".24"|0|0|3|0|0|2|0|0|4|0|1|2|20|31.8|50||||16|28|48|6.1|6.7|7.3|6.1|6.3|7.3|||||||2.4|5.4|8.7|||||||||||||||||||"High"|"Moist"|"21864971"|"64477880"
"Ap"||"A"|||0|0|0|10|23|25||23||0|0|0|0|0|0|100|100|100|100|100|100|92|98|100|79|86|95|0|16.4|20|0|0|1|0|0.3|1|0|5.6|6|1|6.4|8|1|4.1|10|40|45.3|65||34.6|||10.7||27|38.3|40|0|0|0|0.5|0.75|2||||1.4|1.53|1.65||||1.82|1.9|1.98|2.65|0.4|0.9|1.4|0.21|0.22|0.23||||24.9|35.3|35.5|17.2|24.4|24.7|35|40|44|6|7.5|8.9|38|49|51|19|27|29|14|24|31|".37"|".37"|0|0|0|0|0|0|0|0|0|0|1|2|15|25.2|30||||6|22|30|4.5|6.2|7.8|6.1|6.5|7.3|||||||1.6|10.9|13.8|||||||||||||||||||"Low"|"Moist"|"21864971"|"64477881"
"Ap"||"A"|||0|0|0|5|18|20||18||0|0|0|0|0|0|100|100|100|100|100|100|90|96|100|83|91|99|0|9.2|20|0|0.8|1|0|2.5|3|0|2.6|3|0|2.2|3|0|1.1|5|40|52.7|70|13|18|23|27|34.7|47|27|38.1|40||||1|2.5|3||||1.3|1.43|1.55||||1.7|1.78|1.85|2.65|0.4|0.9|1.4|0.21|0.22|0.23||||23.9|35.5|35.8|16.7|24.8|25.4|38|43|47|6|7.5|8.9|39|52|55|19|27|28|15|27|32|".32"|".32"|0|0|0|0|0|0|0|0|0|0|1|2|20|30|35||||18|28|34|6.6|7|7.3|||||||||||||||||||||||||||||||"Moderate"||"21864972"|"64477883"
"Bg"||"B"|||5|18|20|30|38|45||20||0|0|0|0|0|0|100|100|100|100|100|100|92|100|100|84|96|100|0|5.7|10|0|0|0.1|0|0|0.1|0|0.1|0.3|0|2|2.5|0|3.6|5|20|44.9|60|10|12.2|20|25|32.7|35|40|49.4|80||||0.5|1.2|2||||1.2|1.38|1.55||||1.79|1.86|1.93|2.65|0.4|0.9|1.4|0.11|0.13|0.14||||26.7|33.7|41|22.1|27.9|36.9|39|45|52|9|10.5|11.9|49|59|87|28|35|58|24|38|69|".32"|".32"|0|0|0|0|0|0|0|0|0|0|1|2|25|35|60||26|47|11|17|48|4.5|4.7|5.5||||||||||10|23.1|50|||||||||||||||||||"Moderate"||"21864972"|"64477884"
"Bssg"||"B"|||30|38|45|127|152|178||114||0|0|0|0|0|0|100|100|100|100|100|100|93|99|100|88|98|100|0|2.7|10|0|0|0.1|0|0.4|0.5|0|0.4|0.5|0|1|2|0|0.9|2|10|30|40|10|12|20|15|18|25|60|67.3|90||||0.1|0.2|0.5||||1.2|1.3|1.4||||1.68|1.77|1.93|2.65|0.01|0.21|0.4|0.08|0.09|0.1||||42.8|44|47.1|31.6|35.6|42.4|45|48|52|9|17|25|69|80|105|44|51|68|43|59|83|".20"|".20"|0|0|0|0|0|0|0|0|0|0|1|2|35|40|60|30|35|53|12|16|43|4.5|4.8|5.5||||||||||10|24.9|50|||||||||||||||||||"Moderate"||"21864972"|"64477885"
"Cg"||"C"|||127|152|178|203|203|203||51||0|0|0|0|0|0|100|100|100|100|100|100|94|100|100|87|96|100|0|6.5|10|0|0|0.1|0|0.2|0.3|0|0.4|0.5|0|1.7|2.5|0|4.2|5|40|52.3|70|10|19.9|25|25|32.4|35|30|41.2|60||||0.1|0.2|0.5||||1.25|1.43|1.6||||1.7|1.78|1.85|2.65|0.4|0.9|1.4|0.1|0.11|0.12||||23.7|31|36.2|17.3|22.6|33.1|38|44|50|6|7.5|8.9|41|52|69|21|30|44|18|32|51|".37"|".37"|0|0|0|0|0|0|0|0|0|0|1|2|18|27|40||||16|27|40|6.1|7.6|7.8||||||||||0|2.2|10|||||||||||||||||||"Moderate"||"21864972"|"64477886"
"Ap"||"A"|||0|0|0|10|10|20||10||0|0|0|0|0|0|100|100|100|100|100|100|94|100|100|87|96|100|0|6.5|20|0|0.1|0.3|0|0.3|0.9|0|0.2|0.6|0|1.2|3.7|0|4.7|14.5|30|36.1|40||17.1|||19||40|57.4|60||||2|3|5||||1.05|1.25|1.45||||1.62|1.65|1.67|2.65|0.4|0.9|1.4|0.11|0.12|0.13||||4.7|43.4|43.8|4.2|32.5|35.7|42|49|56|9|17|25|55|77|88|29|43|45|27|50|58|".17"|".17"|0|0|0|0|0|0|0|0|0|0|1|2|27|37|50||||20|31|50|5.6|6.2|7.8|||||||||||||||||||||||||||||||||"21864973"|"64477887"
"A"||"A"|||10|10|20|25|36|60||26||0|0|0|0|0|0|100|100|100|100|100|100|92|98|100|86|96|100|0|4.1|20|0|0.2|1|0|1.1|5.4|0|1|4.9|0|1.2|5.9|0|0.6|2.9|30|54.5|65||15.6|||38.9||35|41.4|60||||2|3.8|5||||1.05|1.27|1.5||||1.51|1.58|1.64|2.65|0.4|0.9|1.4|0.12|0.13|0.19||||25.4|32.6|37.5|20|25.6|36|39|48|56|6|7.5|8.9|47|57|76|24|29|43|21|32|52|".28"|".28"|0|0|0|0|0|0|0|0|0|0|1|2|22|30|50||||16|25|50|5.6|6.2|7.8|||||||||||||||||||||||||||||||||"21864973"|"64477888"
"Bg"||"B"|||25|36|60|75|97|150||61||0|0|0|0|0|0|100|100|100|100|100|100|93|99|100|87|95|100|0|5.4|20|0|0.6|2.2|0|0.7|2.6|0|0.5|1.9|0|2.2|8|0|1.4|5.2|30|44.6|60||12|||32.6||40|50|60||||1|1|3||||1.15|1.3|1.45||||1.68|1.75|1.82|2.65|0.4|0.9|1.4|0.09|0.12|0.13||||27.1|33.5|36.8|22.1|27.3|34.5|43|48|53|9|10.5|11.9|53|63|76|29|37|44|27|40|53|".28"|".28"|0|0|0|0|0|0|0|0|0|0|1|2|25|32|45|23|28|50|18|24|45|5.1|5.2|7.8|||||||||||||||||||||||||||||||||"21864973"|"64477889"
"Cg"||"C"|||75|97|150|203|203|203||106||0|0|0|0|0|0|100|100|100|100|100|100|90|98|100|83|96|100|0|4.5|15|0|0.3|1|0|1.7|5.7|0|1.1|3.7|0|0.8|2.7|0|0.6|2|30|49.3|72||13.5|||35.8||27|46.2|60||||0.5|1.8|2||||1.2|1.37|1.55||||1.63|1.7|1.77|2.65|0.4|0.9|1.4|0.08|0.11|0.17||||19.1|33.2|36.7|15.4|26.8|34.2|39|45|51|6|7.5|8.9|38|57|70|19|33|43|15|36|50|".28"|".28"|0|0|0|0|0|0|0|0|0|0|1|2|15|30|45|15|27|50|8|20|45|5.1|5.4|7.8|||||||||||||||||||||||||||||||||"21864973"|"64477890"
"Ap"||"A"|||0|0|0|10|16|31|10|16|31|0|0|0|0|0|0|100|100|100|100|100|100|100|100|100|75|87.5|100|7|14|14|0|0|0.1|0|0.1|0.4|0|0.3|0.3|0.1|1.2|1.2|5|12.4|15|59|68.2|78.2|30|33.2|35|30|35|40|14|17.8|27|0|0|0|0.5|2.25|4||||1.35|1.59|1.65||||1.5|1.71|1.75||4.23|9.17|14.11|0.19|0.2|0.23||||25.5|30.6|34.5|9.7|16.3|22.8|34|36|45|1.4|2.6|3.8|26|36|45|9|14|18|4|12|21|".43"|".43"|0|0|0|0|0|0|0|0|0|0|0|0|11.7|17.5|23||||2.7|17.3|24.5|5.6|7|8.4||||||||||0|5.8|16.3|||||||||||||||||||"Low"|"Moist"|"21864965"|"64477860"
"Bw"||"B"|||10|16|31|120|132|140|89|116|130|0|0|0|0|0|0|100|100|100|100|100|100|100|100|100|85|92.5|100|4|14.2|24.4|0|0|0|0|0.1|1|0|0.3|0.3|0.5|1.3|2.3|3.9|12.5|21.6|36.9|59.6|82|30|39.2|40|20|20.4|30|14|26.2|39|0|0|0|0.5|0.75|1||||1.3|1.32|1.65||||1.4|1.45|1.78||1.41|2.82|4.23|0.2|0.21|0.22||||23.8|29.7|33.9|8|14.9|21.7|35|47|48|1.4|3.5|6.1|26|38|51|9|18|28|5|17|31|".49"|".49"|0|0|0|0|0|0|0|0|0|0|0|0|11.7|21.1|30.3||||3|20.9|31.8|6.1|7.3|8.4||||||||||0|5.5|16.2|||||||||||||||||||"Low"|"Moist"|"21864965"|"64477861"
"BCg"||"BC"|||120|132|140|140|147|182|5|15|42|0|0|0|0|0|0|100|100|100|100|100|100|100|100|100|85|92.5|100|2.8|3.8|14|0|0|0.4|0|0.1|2|0|0.1|0.1|0.3|0.6|1.1|2|3|8.3|50.7|66.2|83.2|25|25.3|30|30|40.9|50|14|30|39|0|0|0|0.5|0.75|1||||1.2|1.29|1.65||||1.4|1.49|1.78||1.41|2.82|4.23|0.2|0.21|0.22||||23.7|30.5|33.6|7.8|16.1|21.2|35|48|52|1.4|4.1|6.1|26|41|51|9|21|28|5|20|31|".49"|".49"|0|0|0|0|0|0|0|0|0|0|0|0|11.7|23.3|30.3||||3|23|31.8|6.1|7.3|8.4||||||||||0|6.6|16.2|||||||||||||||||||"Low"|"Moist"|"21864965"|"64477862"
"Cg"||"C"|||140|147|182|200|203|203|21|56|63|0|0|0|0|0|0|100|100|100|100|100|100|100|100|100|75|87.5|100|4|14.5|24.4|0|0.1|0.1|0|0.2|0.2|0.1|0.4|0.4|0.5|2.2|2.3|3.9|11.6|21.6|37|62.7|82|30|41.6|45|20|21.1|30|10|22.8|45|0|0|0|0.5|0.75|1||||1.35|1.35|1.61||||1.35|1.4|1.61||1.41|7.76|14.11|0.2|0.22|0.23||||24|27.3|35.8|8.2|11.7|25.4|35|46|46|0.5|0.7|7.4|26|32|57|9|13|33|4|10|38|".49"|".49"|0|0|0|0|0|0|0|0|0|0|0|0|11.7|16.4|34.5||||3.6|15.7|36|6.6|7.3|8.4||||||||||0|3.2|15.8|||||||||||||||||||"Low"|"Moist"|"21864965"|"64477863"
"A"||"A"|||0|0|0|8|10|13|8|10|13|0|0|0|0|0|0|100|100|100|100|100|100|100|100|100|95|97.5|100|0.5|1.8|3||0.2|||0.2|||0.3|||0.6|||0.5|||30.7||||||||40|67.5|95|0|0|0|2|8.5|15||||1|1.13|1.45||||1.46|1.79|1.81||0.1|0.21|0.42|0.18|0.19|0.2||||37|47.4|51.4|21.6|40.1|46.3|39|51|64|9|17|25|55|95|133|29|49|68|31|61|92|".17"|".17"|0|0|0|0|0|0|0|0|0|0|0|0|30.8|50.7|69.3|||||||5.6|6.5|7.3|||||||||||||||||||||||||||||||"Extremely high"|"Wet"|"21864966"|"64477864"
"Bg"||"B"|||8|10|13|70|79|90|57|69|81|0|0|0|0|0|0|100|100|100|100|100|100|100|100|100|95|97.5|100|0.5|1.8|3||0.2|||0.2|||0.3|||0.6|||0.5|||30.7||||||||40|67.5|95|0|0|0|1|2|3||||1|1.13|1.45||||1.46|1.79|1.81||0.1|0.21|0.42|0.18|0.19|0.2||||0.3|47.4|51.4|0.3|34.9|48.8|42|54|66|9|17|25|53|83|113|29|50|71|31|58|88|".20"|".20"|0|0|0|0|0|0|0|0|0|0|0|0|30.1|48.3|65.7|||||||5.6|6.5|7.3|||||||||||||||||||||||||||||||"Extremely high"|"Wet"|"21864966"|"64477865"
"BCg"||"BC"|||70|79|90|152|203|203|62|124|133|0|0|0|0|0|0|100|100|100|100|100|100|100|100|100|95|97.5|100||10.4|||0.9|||1.3|||1.7|||3.2|||3.3|||24.6||||||||35|65|95|0|0|0|0|0.25|0.5||||1.1|1.28|1.45|||||1.73|||0|0.71|1.41|0.18|0.2|0.22|||||44.1|||34.2|||49||9|17|25|47|78|109|25|49|72||||".24"|".24"|0|0|0|0|0|0|0|0|0|0|0|0|23.5|43.7|61.9|||||||6.6|7.5|8.4|||||||||||||||||||||||||||||||"Extremely high"|"Wet"|"21864966"|"64477866"
"Bssg"||"B"|||10|13|30|91|124|200||111||0|0|0|0|0|0|100|100|100|100|100|100|95|100|100|91|99|100|0|0.8|10|0|0.1|1.3|0|0.2|2.5|0|0.1|1.3|0|0.1|2.5|0|0.3|3.8|15|28.6|40|1.7|1.7|2.5|13.3|26.9|37.5|60|70.6|85|0|0|3|0.75|0.9|1.5||||1.15|1.25|1.35||||1.62|1.74|1.84|2.53|0.01|0.21|0.4|0.09|0.1|0.11||||43.8|45.6|47.6|31.7|37.3|45.2|46|50|53|9|17|25|70|84|102|44|53|64|45|63|79|".20"|".20"|0|0|3|0|0|2|0|0|4|0|1|2|35|49.7|60||||31|45|58|6.1|6.6|7.3|6.1|6.3|7.3|||||||3.4|6.9|9.6|||||||||||||||||||"Moderate"|"Very moist"|"21864967"|"64477868"
"Cg"||"C"|||91|124|200|203|203|203||79||0|0|0|0|0|0|100|100|100|100|100|100|90|99|100|81|94|100|0|6.4|20|0|0.1|0.3|0|0.3|0.9|0|1.2|3.8|0|3.4|10.6|0|1.4|4.4|20|37.8|65|3.3|6.3|10.8|16.7|31.5|54.2|35|55.8|75|0|0|3|0.5|0.75|1||||1.25|1.45|1.65||||1.88|1.96|2.03|2.56|0.01|0.4|0.4|0.08|0.09|0.1||||7.6|38.9|41.7|6.9|31.3|37.5|35|43|50|9|10.5|11.9|48|67|85|25|41|55|20|44|65|".24"|".24"|0|0|3|0|0|2|0|0|4|0|1|2|20|31.8|50||||16|28|48|6.1|6.7|7.3|6.1|6.3|7.3|||||||2.4|5.4|8.7|||||||||||||||||||"Moderate"|"Very moist"|"21864967"|"64477869"
"Ap"||"A"|||0|0|0|10|13|30||13||0|0|0|0|0|0|100|100|100|100|100|100|96|100|100|93|99|100|0|0.9|20|0|0.1|1|0|0.2|5.4|0|0.1|4.9|0|0.2|5.9|0|0.3|2.9|40|42.7|60||4.5|||38.2||40|56.4|60|0|0|0|2|3.1|5||||1.05|1.25|1.45||||1.62|1.69|1.75|2.52|0.4|0.9|1.4|0.12|0.13|0.14||||25.3|35.8|37.3|22.8|32.1|35.7|42|49|56|9|10.5|11.9|55|72|80|29|41|44|30|49|54|".24"|".24"|0|0|0|0|0|0|0|0|0|0|1|2|25|35|45||||13|25|45|5.1|5.5|7.8|6.1|6.5|7.3|||||||1.6|10.9|13.8|||||||||||||||||||"Moderate"|"Wet"|"21864967"|"64477867"
"2Cg"|2|"C"|||51|74|91|203|203|203|112|129|152|0|0|0|0|0|0|100|100|100|95|97.5|100|65|80|95|40|50|60||80.8|||0|||1.9|||14|||42.6|||22.3|||9.2||||||||7|10|20|0|0|0|0|0.5|0.75||||1.4|1.45|1.5|||||1.52|||0.42|7|14|0.1|0.16|0.22||21.8|||16.7|||7.1|||42||0|1.5|2.9|15|27.5|40|0|10|20||||".32"|".32"|0|0|0|0|0|0|0|0|0|0|0|0|1.5|6.2|12.8|||||||5.6|7|8.4|||||||||||||||||||||||||||||||||"21864968"|"64477870"
"Ap"||"A"|||0|0|0|10|13|30|10|13|30|0|0|0|0|0|0|100|100|100|100|100|100|100|100|100|95|97.5|100|0.5|1.8|3|0|0|0|0|0|0.1|0|0.1|1|0|0.5|2|0.5|1.2|2|37|48.2|59.5|||||||40|50|60|0|0|3|0.5|2.25|4||||1.2|1.35|1.5||||1.7|1.77|2.01|2.54|0.01|0.21|0.42|0.07|0.11|0.14||||32|40|41.7|21.9|29.1|36.1|40|45|51|9|17|25|46|65.5|85|22|36|50|23|41|61|".28"|".28"|0|0|0|0|0|0|0|0|0|0|0|0|20|30|40||||25|32|35|5.1|6.8|8.4||||||||||0|13|27.2|||||||||||||||||||||"21864968"|"64477871"
"Bg"||"B"|||8|13|18|51|74|91|33|61|83|0|0|0|0|0|0|100|100|100|98|99|100|95|97.5|100|90|95|100||17.1|||1.5|||2.1|||2.9|||5.3|||5.3|||27.9||||||||35|55|75|0|0|0|0|0.5|0.75||||1.45|1.5|1.55|||||1.87|||0.01|0.21|0.42|0.15|0.18|0.2|||||37.4|||30.7|||41||6|7.5|8.9|50|71|92|25|43.5|62||||".32"|".32"|0|0|0|0|0|0|0|0|0|0|0|0|6|26.8|40|||||||5.6|6.7|7.8|||||||||||||||||||||||||||||||||"21864968"|"64477872"
"Bssyg"||"B"||||86|||183|||97||0|0|0|0|0|0|100|100|100|100|100|100|100|100|100|95|97.5|100|5|16.2|25|0|1.5|2|0|2|3|0|2.7|5|2|5|7|1|5|8|0|26.3|68.8|||||||25|57.5|90||||0|0.25|0.5||||1.2|1.45|1.7||||1.55|1.8|1.87||0.42|1|1.4|0.12|0.17|0.22||||25.2|39.1|43.5|13.6|31.6|39.2|34|43|52|6|7.5|8.9|32|58.5|85|11|30.5|50|10|35|61|".20"|".20"|0|3|5|0|0|0|0|0|0|0|0|0|5|22.5|40||||35|38|45|6.6|7.5|8.4||||||||||0|5|18.3|||||||||||||||||||||"21864886"|"64477720"
"Bssg"||"B"||||15|||86|||71||0|0|0|0|0|0|100|100|100|100|100|100|100|100|100|95|97.5|100|0.5|1.8|3|0|0|0|0|0|0.1|0|0.1|1|0|0.5|2|0.5|1.2|2|7|23.2|39.5|||||||60|75|90||||0|0.25|0.5||||1.2|1.35|1.5||||1.88|1.98|2.01||0.01|0.21|0.42|0.07|0.11|0.14||||39|44|46|32|40.2|41.4|41|46|52|9|17|25|56|70.5|85|30|40|50|32|46|61|".17"|".17"|0|3|5|0|0|0|0|0|0|0|0|0|20|30|40||||35|38|45|5.6|7|8.4||||||||||0|11.2|23.3|||||||||||||||||||||"21864886"|"64477721"
"A"||"A"||||0|||15|||15||0|0|0|0|0|0|100|100|100|100|100|100|100|100|100|95|97.5|100|0.5|1.8|3|0|0|0|0|0|0.1|0|0.1|1|0|0.5|2|0.5|1.2|2|37|48.2|59.5|||||||40|50|60||||0.5|2.25|4||||1.2|1.35|1.5||||1.7|1.77|2.01||0.01|0.21|0.42|0.07|0.11|0.14||||30.6|34.3|37.5|21.9|29.1|36.1|40|45|51|9|17|25|46|65.5|85|22|36|50|23|41|61|".28"|".28"|0|0|0|0|0|0|0|0|0|0|0|0|20|30|40||||25|32|35|5.1|6.8|8.4||||||||||0|13|27.2|||||||||||||||||||||"21864886"|"64477722"
"A"||"A"||||0|||15|||15||0|0|0|0|0|0|100|100|100|95|97.5|100|60|80|100|15|22.5|30||82.5|||1.1|||11.9|||26|||31.4|||12.1|||9||||||||5|8.5|12|0|0|0|0.5|1.25|2||||1.45|1.5|1.55|||||1.57|||42|92|141|0.06|0.08|0.1||21.5|||16.4|||6.8|||39||0|1.5|2.9|0|7|14|0|0|0|0|0|0|".05"|".05"|0|0|0|0|0|0|0|0|0|0|0|0|4|7|10||||0|2|4|5.6|7|8.4|||||||||||||||||||||||||||||||||"21864889"|"64477723"
"C"||"C"||||15|||165|||150||0|0|0|0|0|0|100|100|100|95|97.5|100|50|75|100|5|12.5|20||93.6|||0.7|||12.8|||36.3|||36.9|||6.9|||1.4||||||||2|5|8|0|0|0|0|0.25|0.5||||1.4|1.45|1.5|||||1.52|||42|92|141|0.02|0.04|0.06||13.6|||9.7|||3.2|||41||0|1.5|2.9|0|7|14|0|0|0|0|0|0|".02"|".02"|0|0|0|0|0|0|0|0|0|0|0|0|1|4.5|8||||0|2|4|5.6|7|8.4|||||||||||||||||||||||||||||||||"21864889"|"64477724"
"Ap"||"A"|||0|0|0|10|10|25|10|10|25|0|0|0|0|0|0|100|100|100|100|100|100|92|94|97|25|28|32|83|84.9|88|0|0|0.1|2|2|2.1|14.4|14.7|15.1|43.7|44.7|46.3|23|23.5|24.4|0|6.6|12|||||||5|8.5|12|0|0|0|0.5|0.75|1||||1.56|1.6|1.63||||1.6|1.64|1.66|2.63|42|92|141|0.1|0.11|0.12|19.2|22.1|24.3|13.5|17|19.8|4.4|7.3|10.2|36|37|39|0.4|0.8|1.2|17|21|25|2|4|7|0|0|0|".15"|".15"|0|0|0|0|0|0|0|0|0|0|0|0|4.6|7.6|10.5||||3.5|7.5|10.5|6.1|6.7|7.3||||||||||0.3|2.1|3.9|||||||||||||||||||||"21864931"|"64477808"
"2C2"|2|"C"||2|35|66|81|55|183|200|71|117|134|0|0|0|0|0|0|100|100|100|100|100|100|90|97|100|78|88|99|10|15|20|0.7|1.1|1.5|0.9|1.4|1.9|2.1|3.1|4.1|2.6|3.9|5.2|3.7|5.5|7.3|20|35|55|||||||35|50|60|0|0|0|0|0.25|0.5||||1.32|1.38|1.43||||1.69|1.75|1.88|2.57|0.42|1|1.4|0.1|0.13|0.15||||28.8|39.3|41.1|18.8|27.1|32.8|42|44|46|4.6|8.2|10.8|44|60|70|25|37|44|18|35|50|".28"|".28"|0|0|0|0|0|0|0|0|0|0|0|0|23.4|35.9|43.5||||21.2|34.5|43.1|6.1|6.7|7.3||||||||||2.6|5.8|8.3|||||||||||||||||||||"21864931"|"64477809"
"C1"||"C"||1|10|10|25|35|66|81|25|56|71|0|0|0|0|0|0|100|100|100|100|100|100|90|95|97|25|31|34|80|82.2|90|5.9|6|6.6|7.8|8|8.8|9.8|10|11|48.8|50|54.9|7.8|8.2|8.8|0|9.3|15|||||||5|8.5|10|0|0|0|0|0.25|0.5||||1.47|1.57|1.67||||1.51|1.61|1.71|2.63|42|92|141|0.03|0.07|0.1|18.1|21.3|22.6|12.3|16|17.5|3.5|6.4|7.8|35|38|42|0.4|0.8|1|16|20|22|2|5|6|0|0|0|".15"|".15"|0|0|0|0|0|0|0|0|0|0|0|0|4.1|7.3|8.6||||1.7|6.9|8.6|6.1|6.7|7.3||||||||||0|1.6|3.1|||||||||||||||||||||"21864931"|"64477810"
"Ap"||"A"|||0|0|0|10|15|36|10|15|36|0|0|0|0|0|0|100|100|100|100|100|100|94|99|100|85|92|100|1|11.4|15|0|0.1|0.1|0|0.4|0.5|0.1|0.9|1.2|0.3|3.4|4.5|0.6|6.6|8.7|58|68.1|85|||||||14|20.5|27|0|0|0|0.5|1.25|2||||1.36|1.4|1.45||||1.47|1.51|1.56|2.6|4|9|14|0.21|0.22|0.23||||24.3|28.3|31.5|8.5|13.1|17.6|42|44|45|1.4|2.5|3.7|26|33|41|9|14|19|5|12|20|".49"|".49"|0|0|0|0|0|0|0|0|0|0|0|0|11.7|17.1|22.3||||5|16.8|23.8|6.1|7|7.8||||||||||0|5.2|12.6|||||||||||||||||||||"21864932"|"64477811"
"BA"||"BA"|||10|15|36|20|38|46|15|23|36|0|0|0|0|0|0|100|100|100|100|100|100|94|99|100|85|92|100|1|11.4|15|0|0.1|0.1|0|0.4|0.5|0.1|0.9|1.2|0.3|3.4|4.5|0.6|6.6|8.7|58|68.1|85|||||||14|20.5|27|0|0|0|0.5|0.75|1||||1.39|1.4|1.4||||1.5|1.51|1.56|2.61|4|9|14|0.21|0.22|0.23||||24.3|27.8|30.7|8.5|12.4|16.4|44|44|44|1.4|2.5|3.6|26|32|39|9|14|19|5|12|20|".55"|".55"|0|0|0|0|0|0|0|0|0|0|0|0|11.7|16.8|21.7||||4.4|15.8|23.2|6.1|7|7.8||||||||||0|4.9|11.9|||||||||||||||||||||"21864932"|"64477812"
"Bg"||"B"|||20|38|46|40|89|148|20|51|128|0|0|0|0|0|0|100|100|100|100|100|100|90|99|100|80|95|100|0.5|7.1|22|0|0.4|1.2|0|0.6|1.9|0.1|1|3.1|0.2|2.2|6.8|0.2|2.9|9|38|65.4|84.5|||||||15|27.5|40|0|0|0|0|0.25|0.5||||1.36|1.43|1.5||||1.52|1.59|1.71|2.6|0.42|1|1.4|0.11|0.17|0.23||||24.4|30.5|34.8|8.6|16|23.5|40|43|45|1.4|3.6|6.2|25|38|51|10|20|29|5|19|32|".49"|".49"|0|3|5|0|3|5|0|0|0|0|1|2|10.9|20.9|30.2||||3.2|111.5|130.9|6.1|7.3|8.4||||||||||0|5.2|15.9|||||||||||||||||||||"21864932"|"64477813"
"BC"||"BC"|||40|89|148|92|107|163|6|18|51|0|0|0|0|0|0|100|100|100|100|100|100|91|100|100|82|96|100|0.5|6.8|22|0|0|0|0|0|0|0.1|0.2|0.6|0.1|1.9|6.1|0.3|4.7|15.2|43|67.2|87.5|||||||12|26|35|0|0|0|0|0.25|0.5||||1.34|1.38|1.42||||1.48|1.52|1.6|2.6|0.42|1|1.4|0.11|0.17|0.23||||22.3|29.5|32.9|6.6|14.7|19.9|43|45|46|1.1|3.3|5.1|23|36|46|7|17|25|3|16|27|".55"|".55"|0|3|5|0|3|5|0|0|0|0|1|2|8.9|19.9|26.7||||2.8|110.5|127.4|6.1|7.3|8.4||||||||||0|4.7|14.2|||||||||||||||||||||"21864932"|"64477814"
"C"||"C"|||92|107|163|200|200|200|61|93|108|0|0|0|0|0|0|100|100|100|100|100|100|91|99|100|83|95|100|0.5|7|22|0|0.4|1.3|0|0.6|1.9|0.1|0.9|2.8|0.2|2.2|6.9|0.2|2.9|9.1|48|64.5|87.5|||||||12|28.5|30|0|0|0|0|0.25|0.5||||1.37|1.38|1.39||||1.53|1.54|1.56|2.6|0.42|1|1.4|0.11|0.17|0.23||||22.3|30.5|31.2|6.6|16|17.2|44|45|45|1.1|3.8|4.1|23|39|41|7|19|21|3|18|22|".49"|".49"|0|3|5|0|3|5|0|0|0|0|1|2|8.9|21.6|23.3||||2.1|112.2|124|6.1|7.3|8.4||||||||||0|5.5|12.5|||||||||||||||||||||"21864932"|"64477815"
"Ap"||"A"|||0|0|0|15|20|25|15|20|25|0|0|0|0|0|0|100|100|100|100|100|100|95|100|100|69|77|84|40|41.5|45|0|0|0|0|0.2|0.2|0.8|0.9|0.9|8|8.5|9|30.8|31.9|34.9|28|40|50|||||||10|18.5|27|0|0|0|1|2|3||||1.46|1.49|1.52||||1.55|1.58|1.67|2.59|0.42|1|1.4|0.21|0.22|0.23||||23.2|28.9|33|7.4|13.8|20.1|39|40|41|1|2|3.8|23|33|43|6|12|19|1|8|16|".43"|".43"|0|0|0|0|0|0|0|0|0|0|0|0|8.9|15.9|22.7||||4.7|15.8|22.6|6.1|6.7|7.3||||||||||1.5|4.6|7.6|||||||||||||||||||||"21864933"|"64477816"
"Cg2"||"C"||2|20|28|30|43|66|96|23|38|66|0|0|0|0|0|0|100|100|100|100|100|100|93|100|100|85|96|100|0.5|6.7|15|0|0|0|0|0|0.1|0|0.2|0.4|0.2|1.8|4.3|0.3|4.7|10.2|50|68.3|84.5|||||||15|25|35|0|0|0|1|1.25|1.5||||1.36|1.4|1.45||||1.5|1.54|1.63|2.59|0.42|1|1.4|0.21|0.22|0.23||||25.5|30.1|33.7|9.7|15.6|21.4|42|44|45|1.6|3.3|5.3|28|38|48|9|17|25|6|17|28|".49"|".49"|0|0|0|0|0|0|0|0|0|0|0|0|12.8|20.5|27.9||||8.3|20.3|27.9|6.1|6.7|7.3||||||||||2.1|4.5|6.9|||||||||||||||||||||"21864933"|"64477817"
"Cg3"||"C"||3|43|66|96|104|157|187|61|91|144|0|0|0|0|0|0|100|100|100|100|100|100|92|99|100|84|95|100|0.5|7.1|20|0|0.4|1.1|0|0.6|1.7|0|1|2.8|0.2|2.2|6.2|0.3|2.9|8.2|45|65.4|79.5|||||||20|27.5|35|0|0|0|0.5|0.75|1||||1.36|1.38|1.41||||1.52|1.54|1.61|2.6|0.42|1|1.4|0.18|0.19|0.2||||27.2|30.5|33.2|11.7|16.1|20.5|43|45|45|2.4|3.7|5.2|31|39|47|13|19|25|9|18|28|".49"|".49"|0|0|0|0|0|0|0|0|0|0|0|0|16.2|21.9|27.5||||13.4|21.8|29|6.1|7|7.8||||||||||1.2|3.7|6.4|||||||||||||||||||||"21864933"|"64477818"
"C1"||"C"||1|15|20|25|20|28|30|5|8|10|0|0|0|0|0|0|100|100|100|100|100|100|79|81|84|24|28|31|79|80|85|1.1|1.1|1.2|11|11.1|11.8|26|26.3|27.9|27.2|27.5|29.2|13.8|14|14.9|5|12.5|18|||||||3|7.5|10|0|0|0|1|1.5|2||||1.49|1.57|1.65||||1.52|1.6|1.68|2.62|0.42|1|1.4|0.21|0.22|0.23|18.3|22.4|24.3|12.5|17.3|19.7|3.7|7.6|10.1|35|38|41|0.2|0.7|1|0|22|25|0|5|6|0|0|0|".17"|".17"|0|0|0|0|0|0|0|0|0|0|0|0|3|7|9.1||||1.4|6.8|9|6.1|6.7|7.3||||||||||0.6|2.8|4.6|||||||||||||||||||||"21864933"|"64477819"
"2Cg4"|2|"C"||4|104|157|187|152|183|200|10|26|96|0|0|0|0|0|0|100|100|100|100|100|100|95|100|100|63|71|78|52|54.9|60|0|0|0.1|0|0.1|0.2|0.5|0.5|0.6|9|9.3|10.2|42.5|45|49.1|5|20.1|28|||||||20|25|35|0|0|0|0.2|0.5|1||||1.49|1.56|1.64||||1.65|1.72|1.82|2.6|0.42|1|1.4|0.18|0.19|0.2||||22.4|25|29.3|13.4|17.1|24.3|35|38|41|2.4|3.3|5.2|31|36|47|13|17|25|5|10|19|".49"|".49"|0|0|0|0|0|0|0|0|0|0|0|0|16.2|20.1|27.5||||13.4|20|29|6.1|7|7.8||||||||||1.2|3.4|6.4|||||||||||||||||||||"21864933"|"64477820"
"Ap"||"A"|||0|0|0|10|18|30|10|18|30|0|0|0|0|0|0|100|100|100|100|100|100|89|96|100|76|84|93|0|17.2|20|0|0.6|0.7|0|2.3|2.7|0|4|4.7|0|8|9.2|0|2.3|2.7|20|33.7|40|||||||40|49.1|70|0|0|0|0.5|2.25|4||||1.27|1.3|1.32||||1.69|1.72|2.04|2.54|0.01|0.21|0.42|0.07|0.11|0.14||||30.4|40.8|44.4|21.6|28.2|40.5|46|46|48|7.1|9.8|16.3|51|64|89|29|37|52|22|34|58|".24"|".24"|0|0|0|0|0|0|0|0|0|0|0|0|29.4|36.9|51||||26|35.2|52.5|5.1|6.8|8.4||||||||||0|6|13.7|||||||||||||||||||||"21864934"|"64477821"
"Bssg"||"B"|||10|18|30|76|117|182|66|99|152|0|0|0|0|0|0|100|100|100|100|100|100|93|100|100|88|99|100|0.5|1.8|3|0|0|0|0|0|0.1|0|0.1|1|0|0.5|2|0.5|1.2|2|7|23.2|39.5|||||||60|75|90|0|0|0|0|0.25|0.5||||1.05|1.2|1.35||||1.76|1.83|1.91|2.54|0.01|0.21|0.42|0.07|0.11|0.14||||44.8|47.3|49.3|30.5|38.3|46.1|45|50|56|11.5|16.7|21.9|70|86|103|44|56|68|43|66|82|".17"|".17"|0|3|5|0|0|0|0|0|0|0|0|0|37.3|49.4|59.1||||33|77.5|92.4|5.6|7|8.4||||||||||0|5.2|10.8|||||||||||||||||||||"21864934"|"64477822"
"Cg"||"C"|||76|117|182|114|183|200|38|66|91|0|0|0|0|0|0|100|100|100|100|100|100|88|100|100|79|100|100|0|0|2|0|0|0|0|0|0.1|0|0|1|0|0|1|0|0|1|9|40|71|||||||29|60|90|0|0|0|0|0.25|0.5||||1.04|1.2|1.37||||1.54|1.7|1.83|2.56|0.42|1|1.4|0.12|0.17|0.22||||26|35.1|41.4|14.7|30.7|37.3|44|50|56|3.5|12.3|21.9|39|71|103|20|44|68|14|51|82|".24"|".24"|0|3|5|0|0|0|0|0|0|0|0|0|20|40.8|59.1||||20|68.9|92.4|6.6|7.5|8.4||||||||||0|2.9|7.3|||||||||||||||||||||"21864934"|"64477823"
"Bssyg"||"B"||||86|||183|||97||0|0|0|0|0|0|100|100|100|100|100|100|100|100|100|95|97.5|100|5|16.2|25|0|1.5|2|0|2|3|0|2.7|5|2|5|7|1|5|8|0|26.3|68.8|||||||25|57.5|90||||0|0.25|0.5||||1.2|1.45|1.7||||1.55|1.8|1.87||0.42|1|1.4|0.12|0.17|0.22||||25.2|39.1|43.5|13.6|31.6|39.2|34|43|52|6|7.5|8.9|32|58.5|85|11|30.5|50|10|35|61|".20"|".20"|0|3|5|0|0|0|0|0|0|0|0|0|5|22.5|40||||35|38|45|6.6|7.5|8.4||||||||||0|5|18.3|||||||||||||||||||||"21864891"|"64477725"
"Bssg"||"B"||||15|||86|||71||0|0|0|0|0|0|100|100|100|100|100|100|100|100|100|95|97.5|100|0.5|1.8|3|0|0|0|0|0|0.1|0|0.1|1|0|0.5|2|0.5|1.2|2|7|23.2|39.5|||||||60|75|90||||0|0.25|0.5||||1.2|1.35|1.5||||1.88|1.98|2.01||0.01|0.21|0.42|0.07|0.11|0.14||||39|44|46|32|40.2|41.4|41|46|52|9|17|25|56|70.5|85|30|40|50|32|46|61|".17"|".17"|0|3|5|0|0|0|0|0|0|0|0|0|20|30|40||||35|38|45|5.6|7|8.4||||||||||0|11.2|23.3|||||||||||||||||||||"21864891"|"64477726"
"A"||"A"||||0|||15|||15||0|0|0|0|0|0|100|100|100|100|100|100|100|100|100|95|97.5|100|0.5|1.8|3|0|0|0|0|0|0.1|0|0.1|1|0|0.5|2|0.5|1.2|2|37|48.2|59.5|||||||40|50|60||||0.5|2.25|4||||1.2|1.35|1.5||||1.7|1.77|2.01||0.01|0.21|0.42|0.07|0.11|0.14||||30.6|34.3|37.5|21.9|29.1|36.1|40|45|51|9|17|25|46|65.5|85|22|36|50|23|41|61|".28"|".28"|0|0|0|0|0|0|0|0|0|0|0|0|20|30|40||||25|32|35|5.1|6.8|8.4||||||||||0|13|27.2|||||||||||||||||||||"21864891"|"64477727"
"A"||"A"||||0|||15|||15||0|0|0|0|0|0|100|100|100|100|100|100|50|62.5|75|15|22.5|30||82.5|||1.1|||11.9|||26|||31.4|||12.1|||9||||||||5|8.5|12||||0.5|1.25|2||||1.4|1.45|1.5|||||1.52|||42|92|141|0.1|0.11|0.12||21|||15.5|||6|||42||0|1.5|2.9|0|7|14|0|0|0|0|0|0|".10"|".10"|0|0|0|0|0|0|0|0|0|0|0|0|2|3.5|5||||2|4|6|6.1|6.7|7.3|||||||||||||||||||||||||||||||||"21864893"|"64477728"
"C2"||"C"||2||51|||58|||7||0|0|0|0|0|0|100|100|100|100|100|100|85|90|95|65|70|75||41.6|||3.9|||5.4|||7.3|||13|||12|||37.4||||||||15|21|27||||0|0.25|0.5||||1.45|1.48|1.5|||||1.55|||4|9|14|0.13|0.15|0.16|||||28.1|||12.8|||41||0|1.5|2.9|25|30|35|5|10|15|1|5|10|".43"|".43"|0|0|0|0|0|0|0|0|0|0|0|0|4|6.5|9||||10|15|20|6.1|6.7|7.3|||||||||||||||||||||||||||||||||"21864893"|"64477729"
"C3"||"C"||3||58|||183|||125||0|0|0|0|0|0|100|100|100|100|100|100|95|97.5|100|85|90|95||26.1|||1.7|||2.2|||5|||9.4|||7.8|||28.9||||||||35|45|50||||0|0.25|0.5||||1.5|1.55|1.6|||||1.93|||0.42|1|1.4|0.1|0.13|0.15|||||33.9|||28.2|||39||6|7.5|8.9|45|62.5|80|30|40|50|25|39|56|".24"|".24"|0|0|0|0|0|0|0|0|0|0|0|0|17|21|25||||10|15|20|6.1|6.7|7.3|||||||||||||||||||||||||||||||||"21864893"|"64477730"
"C1"||"C"||1||15|||51|||36||0|0|0|0|0|0|100|100|100|100|100|100|50|62.5|75|15|22.5|30||82.5|||1.1|||11.9|||26|||31.4|||12.1|||9||||||||5|8.5|12||||0|0.25|0.5||||1.4|1.45|1.5|||||1.52|||42|92|141|0.03|0.07|0.1||20.2|||14.7|||5.3|||42||0|1.5|2.9|0|7|14|0|0|0|0|0|0|".24"|".24"|0|0|0|0|0|0|0|0|0|0|0|0|2|3|4||||2|4|6|6.1|6.7|7.3|||||||||||||||||||||||||||||||||"21864893"|"64477731"
"A"||"A"||||0|||15|||15||0|0|0|0|0|0|100|100|100|100|100|100|50|62.5|75|15|22.5|30||82.5|||1.1|||11.9|||26|||31.4|||12.1|||9||||||||5|8.5|12||||0.5|1.25|2||||1.4|1.45|1.5|||||1.52|||42|92|141|0.1|0.11|0.12||21|||15.5|||6|||42||0|1.5|2.9|0|7|14|0|0|0|0|0|0|".10"|".10"|0|0|0|0|0|0|0|0|0|0|0|0|2|3.5|5||||2|4|6|6.1|6.7|7.3|||||||||||||||||||||||||||||||||"21864920"|"64477773"
"C2"||"C"||2||51|||58|||7||0|0|0|0|0|0|100|100|100|100|100|100|85|90|95|65|70|75||41.6|||3.9|||5.4|||7.3|||13|||12|||37.4||||||||15|21|27||||0|0.25|0.5||||1.45|1.48|1.5|||||1.55|||4|9|14|0.13|0.15|0.16|||||28.1|||12.8|||41||0|1.5|2.9|25|30|35|5|10|15|1|5|10|".43"|".43"|0|0|0|0|0|0|0|0|0|0|0|0|4|6.5|9||||10|15|20|6.1|6.7|7.3|||||||||||||||||||||||||||||||||"21864920"|"64477774"
"C3"||"C"||3||58|||183|||125||0|0|0|0|0|0|100|100|100|100|100|100|95|97.5|100|85|90|95||26.1|||1.7|||2.2|||5|||9.4|||7.8|||28.9||||||||35|45|50||||0|0.25|0.5||||1.5|1.55|1.6|||||1.93|||0.42|1|1.4|0.1|0.13|0.15|||||33.9|||28.2|||39||6|7.5|8.9|45|62.5|80|30|40|50|25|39|56|".24"|".24"|0|0|0|0|0|0|0|0|0|0|0|0|17|21|25||||10|15|20|6.1|6.7|7.3|||||||||||||||||||||||||||||||||"21864920"|"64477775"
"C1"||"C"||1||15|||51|||36||0|0|0|0|0|0|100|100|100|100|100|100|50|62.5|75|15|22.5|30||82.5|||1.1|||11.9|||26|||31.4|||12.1|||9||||||||5|8.5|12||||0|0.25|0.5||||1.4|1.45|1.5|||||1.52|||42|92|141|0.03|0.07|0.1||20.2|||14.7|||5.3|||42||0|1.5|2.9|0|7|14|0|0|0|0|0|0|".24"|".24"|0|0|0|0|0|0|0|0|0|0|0|0|2|3|4||||2|4|6|6.1|6.7|7.3|||||||||||||||||||||||||||||||||"21864920"|"64477776"
"A"||"A"||||0|||15|||15||0|0|0|0|0|0|100|100|100|100|100|100|65|80|95|35|45|55||63.5|||0.3|||4.4|||14.1|||27.6|||17.1|||26.5||||||||8|10|12||||0.5|1.25|2||||1.4|1.45|1.5|||||1.52|||14|28|42|0.13|0.16|0.18|||||16.5|||6.8|||42||0|1.5|2.9|15|20|25|0|2.5|5|0|0|0|".28"|".28"|0|0|0|0|0|0|0|0|0|0|0|0|3|4|5||||2|4|6|6.1|6.7|7.3|||||||||||||||||||||||||||||||||"21864949"|"64477838"
"C2"||"C"||2||51|||58|||7||0|0|0|0|0|0|100|100|100|100|100|100|85|90|95|65|70|75||41.6|||3.9|||5.4|||7.3|||13|||12|||37.4||||||||15|21|27||||0|0.25|0.5||||1.45|1.48|1.5|||||1.55|||4|9|14|0.13|0.15|0.16|||||28.1|||12.8|||41||0|1.5|2.9|25|30|35|5|10|15|1|5|10|".43"|".43"|0|0|0|0|0|0|0|0|0|0|0|0|4|6.5|9||||10|15|20|6.1|6.7|7.3|||||||||||||||||||||||||||||||||"21864949"|"64477839"
"C3"||"C"||3||58|||183|||125||0|0|0|0|0|0|100|100|100|100|100|100|95|97.5|100|85|90|95||26.1|||1.7|||2.2|||5|||9.4|||7.8|||28.9||||||||35|45|50||||0|0.25|0.5||||1.5|1.55|1.6|||||1.93|||0.42|1|1.4|0.1|0.13|0.15|||||33.9|||28.2|||39||6|7.5|8.9|45|62.5|80|30|40|50|25|39|56|".24"|".24"|0|0|0|0|0|0|0|0|0|0|0|0|17|21|25||||10|15|20|6.1|6.7|7.3|||||||||||||||||||||||||||||||||"21864949"|"64477840"
"C1"||"C"||1||15|||51|||36||0|0|0|0|0|0|100|100|100|100|100|100|50|62.5|75|15|22.5|30||82.5|||1.1|||11.9|||26|||31.4|||12.1|||9||||||||5|8.5|12||||0|0.25|0.5||||1.4|1.45|1.5|||||1.52|||42|92|141|0.03|0.07|0.1||20.2|||14.7|||5.3|||42||0|1.5|2.9|0|7|14|0|0|0|0|0|0|".24"|".24"|0|0|0|0|0|0|0|0|0|0|0|0|2|3|4||||2|4|6|6.1|6.7|7.3|||||||||||||||||||||||||||||||||"21864949"|"64477841"
"A"||"A"||||0|||15|||15||0|0|0|0|0|0|100|100|100|100|100|100|50|62.5|75|15|22.5|30||82.5|||1.1|||11.9|||26|||31.4|||12.1|||9||||||||5|8.5|12||||0.5|1.25|2||||1.4|1.45|1.5|||||1.52|||42|92|141|0.1|0.11|0.12||21|||15.5|||6|||42||0|1.5|2.9|0|7|14|0|0|0|0|0|0|".10"|".10"|0|0|0|0|0|0|0|0|0|0|0|0|2|3.5|5||||2|4|6|6.1|6.7|7.3|||||||||||||||||||||||||||||||||"21864954"|"64477842"
"C2"||"C"||2||51|||58|||7||0|0|0|0|0|0|100|100|100|100|100|100|85|90|95|65|70|75||41.6|||3.9|||5.4|||7.3|||13|||12|||37.4||||||||15|21|27||||0|0.25|0.5||||1.45|1.48|1.5|||||1.55|||4|9|14|0.13|0.15|0.16|||||28.1|||12.8|||41||0|1.5|2.9|25|30|35|5|10|15|1|5|10|".43"|".43"|0|0|0|0|0|0|0|0|0|0|0|0|4|6.5|9||||10|15|20|6.1|6.7|7.3|||||||||||||||||||||||||||||||||"21864954"|"64477843"
"C3"||"C"||3||58|||183|||125||0|0|0|0|0|0|100|100|100|100|100|100|95|97.5|100|85|90|95||26.1|||1.7|||2.2|||5|||9.4|||7.8|||28.9||||||||35|45|50||||0|0.25|0.5||||1.5|1.55|1.6|||||1.93|||0.42|1|1.4|0.1|0.13|0.15|||||33.9|||28.2|||39||6|7.5|8.9|45|62.5|80|30|40|50|25|39|56|".24"|".24"|0|0|0|0|0|0|0|0|0|0|0|0|17|21|25||||10|15|20|6.1|6.7|7.3|||||||||||||||||||||||||||||||||"21864954"|"64477844"
"C1"||"C"||1||15|||51|||36||0|0|0|0|0|0|100|100|100|100|100|100|50|62.5|75|15|22.5|30||82.5|||1.1|||11.9|||26|||31.4|||12.1|||9||||||||5|8.5|12||||0|0.25|0.5||||1.4|1.45|1.5|||||1.52|||42|92|141|0.03|0.07|0.1||20.2|||14.7|||5.3|||42||0|1.5|2.9|0|7|14|0|0|0|0|0|0|".24"|".24"|0|0|0|0|0|0|0|0|0|0|0|0|2|3|4||||2|4|6|6.1|6.7|7.3|||||||||||||||||||||||||||||||||"21864954"|"64477845"
"A"||"A"||||0|||15|||15||0|0|0|0|0|0|100|100|100|95|97.5|100|60|80|100|15|22.5|30||82.5|||1.1|||11.9|||26|||31.4|||12.1|||9||||||||5|8.5|12|0|0|0|0.5|1.25|2||||1.45|1.5|1.55|||||1.57|||42|92|141|0.06|0.08|0.1||21.5|||16.4|||6.8|||39||0|1.5|2.9|0|7|14|0|0|0|0|0|0|".05"|".05"|0|0|0|0|0|0|0|0|0|0|0|0|4|7|10|||||||5.6|7|8.4|||||||||||||||||||||||||||||||||"21864955"|"64477846"
"C"||"C"||||15|||165|||150||0|0|0|0|0|0|100|100|100|95|97.5|100|50|75|100|5|12.5|20||93.6|||0.7|||12.8|||36.3|||36.9|||6.9|||1.4||||||||2|5|8|0|0|0|0|0.25|0.5||||1.4|1.45|1.5|||||1.52|||42|92|141|0.02|0.04|0.06||13.6|||9.7|||3.2|||41||0|1.5|2.9|0|7|14|0|0|0|0|0|0|".02"|".02"|0|0|0|0|0|0|0|0|0|0|0|0|1|4.5|8|||||||5.6|7|8.4|||||||||||||||||||||||||||||||||"21864955"|"64477847"
"Cg"||"C"||||114|||183|||69||0|0|0|0|0|0|100|100|100|95|97.5|100|65|82.5|100|51|75.5|100||41.6|||3.9|||5.4|||7.3|||13|||12|||37.4||||||||10|21|32||||0|0.25|0.5||||1.4|1.45|1.5|||||1.52|||0.42|7|14|0.1|0.16|0.22|||||27.5|||12.3|||41||0|1.5|2.9|15|27.5|40|0|10|20|0|5|21|".37"|".37"|0|0|0|0|0|0|0|0|0|0|0|0|4|11|18|||||||5.6|7|8.4|||||||||||||||||||||||||||||||||"21864956"|"64477848"
"Bg"||"B"||||20|||114|||94||0|0|0|0|0|0|100|100|100|98|99|100|95|97.5|100|90|95|100||17.1|||1.5|||2.1|||2.9|||5.3|||5.3|||27.9||||||||35|55|75||||0.5|0.75|1||||1.45|1.5|1.55|||||1.87|||0.01|0.21|0.42|0.15|0.18|0.2|||||28.5|||33.7|||40||6|7.5|8.9|50|71|92|25|43.5|62|25|48|74|".24"|".24"|0|0|0|0|0|0|0|0|0|0|0|0|18|28|38|||||||5.6|6.7|7.8|||||||||||||||||||||||||||||||||"21864956"|"64477849"
"Ap"||"A"||||0|||20|||20||0|0|0|0|0|0|100|100|100|98|99|100|95|97.5|100|90|95|100|0.5|1.8|3||0|||0|||0.1|||0.5|||1.2|||48.2||||||||40|50|60||||1|2|3||||1.45|1.5|1.55|||||1.87|||0.01|0.21|0.42|0.15|0.18|0.2|||||35.7|||32.2|||39||6|7.5|8.9|50|71|92|25|43.5|62|25|48|74|".28"|".28"|0|0|0|0|0|0|0|0|0|0|0|0|20|28|36|||||||5.6|6.7|7.8|||||||||||||||||||||||||||||||||"21864956"|"64477850"
"A"||"A"||||0|||15|||15||0|0|0|0|0|0|100|100|100|100|100|100|50|62.5|75|15|22.5|30||82.5|||1.1|||11.9|||26|||31.4|||12.1|||9||||||||5|8.5|12||||0.5|1.25|2||||1.4|1.45|1.5|||||1.52|||42|92|141|0.1|0.11|0.12||21|||15.5|||6|||42||0|1.5|2.9|0|7|14|0|0|0|0|0|0|".10"|".10"|0|0|0|0|0|0|0|0|0|0|0|0|2|3.5|5||||2|4|6|6.1|6.7|7.3|||||||||||||||||||||||||||||||||"21864957"|"64477851"
"C2"||"C"||2||51|||58|||7||0|0|0|0|0|0|100|100|100|100|100|100|85|90|95|65|70|75||41.6|||3.9|||5.4|||7.3|||13|||12|||37.4||||||||15|21|27||||0|0.25|0.5||||1.45|1.48|1.5|||||1.55|||4|9|14|0.13|0.15|0.16|||||28.1|||12.8|||41||0|1.5|2.9|25|30|35|5|10|15|1|5|10|".43"|".43"|0|0|0|0|0|0|0|0|0|0|0|0|4|6.5|9||||10|15|20|6.1|6.7|7.3|||||||||||||||||||||||||||||||||"21864957"|"64477852"
"C3"||"C"||3||58|||183|||125||0|0|0|0|0|0|100|100|100|100|100|100|95|97.5|100|85|90|95||26.1|||1.7|||2.2|||5|||9.4|||7.8|||28.9||||||||35|45|50||||0|0.25|0.5||||1.5|1.55|1.6|||||1.93|||0.42|1|1.4|0.1|0.13|0.15|||||33.9|||28.2|||39||6|7.5|8.9|45|62.5|80|30|40|50|25|39|56|".24"|".24"|0|0|0|0|0|0|0|0|0|0|0|0|17|21|25||||10|15|20|6.1|6.7|7.3|||||||||||||||||||||||||||||||||"21864957"|"64477853"
"C1"||"C"||1||15|||51|||36||0|0|0|0|0|0|100|100|100|100|100|100|50|62.5|75|15|22.5|30||82.5|||1.1|||11.9|||26|||31.4|||12.1|||9||||||||5|8.5|12||||0|0.25|0.5||||1.4|1.45|1.5|||||1.52|||42|92|141|0.03|0.07|0.1||20.2|||14.7|||5.3|||42||0|1.5|2.9|0|7|14|0|0|0|0|0|0|".24"|".24"|0|0|0|0|0|0|0|0|0|0|0|0|2|3|4||||2|4|6|6.1|6.7|7.3|||||||||||||||||||||||||||||||||"21864957"|"64477854"
"A"||"A"||||0|||28|||28||0|0|0|0|0|0|100|100|100|100|100|100|100|100|100|60|75|90|5|20.8|||0.1|||0.4|||1.2|||5.7|||13.4|||67.7||||||||5|11.5|18||||0.5|1.25|2||||1.4|1.45|1.5|||||1.52|||4|9|14|0.2|0.21|0.22|||||24.2|||8.4|||42||0|1.5|2.9|20|27.5|35|3|6.5|10|0|3|9|".49"|".49"|0|0|0|0|0|0|0|0|0|0|0|0|2|6|10|||||||5.1|5.6|6|||||||||||||||||||||||||||||||||"21864961"|"64477855"
"Bt"||"B"||||28|||102|||74||0|0|0|0|0|0|100|100|100|100|100|100|85|90|95|55|72.5|90|1|13.6|||0.1|||0.4|||1|||3.9|||8.2|||68.9||||||||10|17.5|25||||0.5|0.75|1||||1.4|1.45|1.5|||||1.52|||14|28|42|0.2|0.21|0.22|||||26.8|||11.2|||42||0|1.5|2.9|20|27.5|35|3|8.5|14|0|4|12|".49"|".49"|0|0|0|0|0|0|0|0|0|0|0|0||||2|6|8||||4.5|5.3|6|||||||||||||||||||||||||||||||||"21864961"|"64477856"
"A"||"A"||||0|||20|||20||0|0|0|0|0|0|100|100|100|100|100|100|95|97.5|100|85|92.5|100|1|13.6|20||0.1|||0.4|||1|||3.9|||8.2|||68.9||||||||10|17.5|25||||0.5|1.25|2||||1.2|1.35|1.5|||||1.41|||4|9|14|0.2|0.22|0.23|||||26.7|||11|||46||0|1.5|2.9|15|20|25|0|3.5|7|0|0|5|".49"|".49"|0|0|0|0|0|0|0|0|0|0|0|0|5.4|9.4|13.5||||10|20|30|5.6|6.5|7.3|||||||||||||||||||||||||||||||||"21864964"|"64477857"
"C"||"C"||||69|||183|||114||0|0|0|0|0|0|100|100|100|100|100|100|85|92.5|100|30|65|100|35|59.6|65||0|||0.1|||2.2|||21.8|||35.5|||26.4||||||||3|14|25||||0|0.25|0.5||||1.2|1.35|1.5|||||1.41|||4|9|14|0.15|0.18|0.2|||||17.6|||7.9|||46||0|1.5|2.9|15|25|35|3|9|15|0|3|15|".49"|".49"|0|0|0|0|0|0|0|0|0|0|0|0|1.6|7.4|13.2||||10|20|30|5.6|6.5|7.3|||||||||||||||||||||||||||||||||"21864964"|"64477858"
"Bt"||"B"||||20|||69|||49||0|0|0|0|0|0|100|100|100|100|100|100|95|97.5|100|85|92.5|100|0.5|9.1|35||0|||0|||0.2|||2.5|||6.4|||65.9||||||||18|25|35||||0.5|0.75|1||||1.3|1.4|1.5|||||1.46|||4|9|14|0.19|0.2|0.2|||||29.7|||14.9|||44||0|1.5|2.9|20|29|38|7|11.5|16|2|9|17|".49"|".49"|0|0|0|0|0|0|0|0|0|0|0|0|9.6|13.3|18.6||||10|20|30|5.1|5.8|6.5|||||||||||||||||||||||||||||||||"21864964"|"64477859"
"Ap"||"A"|||0|0|0|8|13|30|8|13|30|0|0|0|0|0|0|100|100|100|100|100|100|96|100|100|92|99|100|0.5|1.8|3|0|0.1|0.5|0|0.1|0.5|0|0.2|1|0.5|0.6|1|0|0.8|1|40|48.2|59.5|||||||40|50|57|0|0|0|1|2|3||||1.28|1.34|1.41||||1.73|1.79|1.89|2.55|0.01|0.21|0.42|0.06|0.07|0.08||||30.9|34.2|36.3|22.4|28.7|33.4|42|45|47|7.3|10.1|12.2|52|64|74|29|36|42|29|42|51|".28"|".28"|0|0|0|0|0|0|0|0|0|0|1|2|30.1|37.3|42.3||||11.1|34.7|50.3|5.6|6.7|7.8||||||||||7.6|17|25.4|||||||||||||||||||||"21864899"|"64477745"
"Bg"||"B"|||8|13|30|51|69|104|43|56|96|0|0|0|0|0|0|100|100|100|100|100|100|91|100|100|83|99|100|0|2.5|20|0|0|0.5|0|0|0.5|0|0|5|0.5|0.6|5|0|1.9|15|12.8|42.5|60|||||||40|55|75|0|0|0|0.5|0.75|1||||1.29|1.36|1.43||||1.71|1.78|2.04|2.56|0.01|0.21|0.42|0.05|0.06|0.07||||30.6|34.9|39.5|22|30.2|35.6|42|45|47|6|9.4|14.4|50|66|86|29|41|56|24|47|67|".28"|".28"|0|0|0|0|0|0|0|0|0|0|1|2|29.4|39.2|51.7||||7.1|31.3|59.7|5.6|6.7|7.8||||||||||7|17.5|29.3|||||||||||||||||||||"21864899"|"64477746"
"2Cg"|2|"C"|||51|69|104|91|140|200|40|71|96|0|0|0|0|0|0|100|100|100|100|100|100|88|100|100|57|74|92|18|39|55|0|0|0|0|0.1|0.1|0.2|0.4|0.5|7|15.1|21.5|10.8|23.4|32.9|15|42|74|||||||8|19|30|0|0|0|0.5|0.75|1||||1.4|1.54|1.68||||1.49|1.63|1.74|2.61|0.42|7|14|0.21|0.23|0.25||||21.1|28.1|32.8|5.7|12.8|19.8|34|39|44|0.8|2|4.2|20|31|42|4|12|21|0|7|20|".49"|".49"|0|0|0|0|0|0|0|0|0|0|1|2|7.4|15.7|23.5||||1.9|13.4|31.5|5.6|7|8.4||||||||||0|4.3|15.3|||||||||||||||||||||"21864899"|"64477747"
"3Cg"|3|"C"|||91|140|200|152|200|200|48|60|109|0|0|0|0|0|0|100|100|100|100|100|100|87|98|100|23|33|51|45|88|90|0.1|0.3|0.4|0.6|1.2|1.3|1.8|3.5|3.7|23.1|45|45.7|19.4|38|38.9|0|9|54.5|||||||0.5|3|10|0|0|0|0|0.5|1||||1.42|1.52|1.62||||1.43|1.53|1.63|2.64|2|4|6|0.09|0.13|0.16||||4.3|11|18|0.3|2.8|8.3|37|40|44|0|0.3|1|0|0|23|0|0|6|0|0|0|".43"|".43"|0|0|0|0|0|0|0|0|0|0|1|2|0.6|3.2|9.1||||0.2|9.2|17.1|5.6|7|8.4||||||||||0|0|8.2|||||||||||||||||||||"21864899"|"64477748"
"Bssg"||"B"|||13|15|20|79|183|200|59|168|180|0|0|0|0|0|0|100|100|100|100|100|100|95|100|100|91|99|100|0|0.8|10|0|0.1|1.3|0|0.2|2.5|0|0.1|1.3|0|0.1|2.5|0|0.3|3.8|15|28.6|40|1.7|1.7|2.5|13.3|26.9|37.5|60|70.6|85|0|0|3|0.75|0.9|1.5||||1.18|1.25|1.33||||1.84|1.88|1.95|2.53|0.01|0.21|0.4|0.09|0.1|0.11||||43.8|45.6|47.6|31.7|37.3|45.2|45|48|51|12.2|15.9|20.3|71|83|99|43|52|64|44|61|78|".20"|".20"|0|0|3|0|0|2|0|0|4|0|1|2|42.3|48.9|56.6||||37.9|46|144|6.1|6.6|7.3|6.1|6.3|7.3|||||||3.9|6.8|9.4|||||||||||||||||||"Moderate"|"Very moist"|"21864900"|"64477749"
"Cg"||"C"|||79|183|200|200|200|200|0|17|121|0|0|0|0|0|0|100|100|100|100|100|100|90|99|100|81|94|100|0|6.4|20|0|0.1|0.3|0|0.3|0.9|0|1.2|3.8|0|3.4|10.6|0|1.4|4.4|20|37.8|65|3.3|6.3|10.8|16.7|31.5|54.2|35|55.8|75|0|0|3|0.5|0.75|1||||1.3|1.34|1.37||||1.81|1.85|1.87|2.56|0.01|0.4|0.4|0.13|0.14|0.15||||29|41.2|44.2|19.2|30.4|40.8|44|45|47|5.6|11.4|16.9|45|68|88|24|41|56|19|44|67|".24"|".24"|0|0|3|0|0|2|0|0|4|0|1|2|26.2|39.7|49.9||||26.2|39.6|137.3|6.1|6.7|7.3|6.1|6.3|7.3|||||||2.8|5.9|8.7|||||||||||||||||||"Moderate"|"Very moist"|"21864900"|"64477751"
"Ap"||"A"|||0|0|0|13|15|20|13|15|20|0|0|0|0|0|0|100|100|100|100|100|100|96|100|100|93|99|100|0|0.9|20|0|0.1|1|0|0.2|5.4|0|0.1|4.9|0|0.2|5.9|0|0.3|2.9|40|42.7|60||4.5|||38.2||40|56.4|60|0|0|0|2|3.1|5||||1.29|1.33|1.37||||1.83|1.87|1.93|2.52|0.4|0.9|1.4|0.03|0.04|0.05||||31.5|36.2|37.8|23.4|33.1|36.9|43|45|46|7.4|12|13.3|54|73|81|29|40|44|30|48|55|".24"|".24"|0|0|0|0|0|0|0|0|0|0|1|2|30.8|42|45||||26.1|37.8|53|5.1|5.5|7.8|6.1|6.5|7.3|||||||2|11.3|13.8|||||||||||||||||||"Moderate"|"Wet"|"21864900"|"64477750"
"Bg"||"B"|||10|15|25|80|107|150|70|92|125|0|0|0|0|0|0|100|100|100|100|100|100|94|100|100|82|92|100|10|12|15|0|0|0.1|0.1|0.2|0.2|0.6|0.8|1|3.8|4.5|5.6|5.4|6.5|8.1|50|61.7|80|||||||10|26.3|35|0|0|0|0.1|0.2|1||||1.41|1.45|1.45||||1.57|1.61|1.71|2.65|4|9|14|0.19|0.21|0.23||||21.3|30|33.6|5.9|15.3|21.2|44|44|44|0.9|3.6|5.7|21|37|47|6|18|25|2|17|28|".49"|".49"|0|0|3|0|0|0|0|0|0|0|0|2|8.1|19.9|27.5||||1.1|19.4|29|6.1|7|7.2|5.6|7|7.3|||||||0|6.2|14.8|0|0|0.7||||||||||||||||"Moderate"|"Moist"|"21864926"|"64477792"
"Cg"||"C"|||80|107|150|152|203|203|72|96|123|0|0|0|0|0|0|100|100|100|100|100|100|96|100|100|88|93|99|1|9.4|10|0|0|0.1|0.1|0.2|0.2|0.1|0.5|0.6|0.3|4.5|4.7|0.5|4.2|4.3|50|52.2|69|||||||30|38.4|40|0|0|0|0.5|0.8|2||||1.35|1.41|1.43||||1.64|1.7|1.73|2.65|0.4|0.9|1.4|0.15|0.17|0.19||||31.4|34.4|35.6|17.5|22.6|24.9|44|44|47|4.5|6.5|7|41|50|54|21|27|29|19|28|33|".37"|".37"|0|0|3|0|0|0|0|0|0|0|0|2|23.3|29.6|31.8||||8.2|26.5|33.3|6.1|6.9|7.2|5.6|6.6|7.3|||||||7|11.7|17.3|0|0.5|0.9||||||||||||||||"High"|"Moist"|"21864926"|"64477791"
"Ap"||"A"|||0|0|0|10|15|25|10|15|25|0|0|0|0|0|0|100|100|100|100|100|100|95|100|100|91|98|100|1.7|2.6|8|0|0.1|0.4|0.1|0.2|0.6|0.1|0.3|1|0.5|0.6|2.5|1|1.4|3.5|65|81|85|||||||12|16.4|27|0|0|0|0.5|2|3||||1.39|1.43|1.49||||1.47|1.51|1.61|2.65|4|9|14|0.2|0.22|0.24||||23.3|27.5|32.5|7.5|12.1|19.3|42|44|45|1.2|1.8|4|24|31|43|7|11|19|4|11|22|".49"|".49"|0|0|3|0|0|0|0|0|0|0|0|2|10.2|14.3|22.7||||2.5|12.8|24.2|6.1|6.6|7.2|5.6|6|7.3|||||||0.5|6.1|13.2|0|0.2|0.6||||||||||||||||"Low"|"Moist"|"21864926"|"64477790"
"Bg2"||"B"||2|35|97|106|61|119|176|20|22|91|0|0|0|0|0|0|100|100|100|100|100|100|92|98|100|86|96|100|0|4.1|20|0|0.2|1|0|1.1|5.4|0|1|4.9|0|1.2|5.9|0|0.6|2.9|30|54.5|65|||||||35|41.4|60|0|0|0|2|3.8|5||||1.21|1.27|1.36||||1.55|1.61|1.86|2.65|0.4|0.9|1.4|0.08|0.09|0.1||||29.7|32.6|37.5|20.4|25.6|36|46|49|52|6.3|8.2|13.5|49|60|81|25|32|44|23|36|55|".28"|".28"|0|0|0|0|0|0|0|0|0|0|0|2|27.4|32.4|45||||23.9|28.6|46.5|5.6|6.2|7.8||||||||||2.3|7.9|11.4|0|0.2|0.4||||||||||||||||||"21864927"|"64477793"
"2Cg2"|2|"C"||2|87|173|203|103|203|203|16|30|116|0|0|0|0|0|0|100|100|100|100|100|100|92|98|100|87|96|100|0|4.5|15|0|0.3|1|0|1.7|5.7|0|1.1|3.7|0|0.8|2.7|0|0.6|2|45|57.3|75|||||||25|38.2|40|0|0|0|0.5|1.8|2||||1.35|1.35|1.37||||1.67|1.67|1.73|2.65|0.4|0.9|1.4|0.15|0.16|0.18||||29.1|34.4|35|14.1|22.7|23.9|46|47|47|2.9|7.4|8.7|36|52|55|17|27|29|14|30|34|".37"|".37"|0|0|0|0|0|0|0|0|0|0|0|2||||14.3|22.8|33.6|12|22|33.6|5.1|5.4|7.8||||||||||1|10|11.2|0|0.8|2.3||||||||||||||||||"21864927"|"64477794"
"Ap"||"A"|||0|0|0|10|51|61|25|51|61|0|0|0|0|0|0|100|100|100|100|100|100|92|100|100|83|96|100|2.5|9|15|0|0.2|0.3|0|0.2|0.4|0.4|0.5|0.7|1|4|7|1.1|4.1|7.6|22|31.2|39.5|||||||58|59.8|63|0|0|0|2|3|5||||1.2|1.28|1.32||||1.75|1.83|1.87|2.65|0.4|0.9|1.4|0.1|0.13|0.14||||31.2|42.8|43.2|23|32.9|36.2|48|49|52|10.6|13|14|55|74|81|29|40|44|26|47|55|".15"|".15"|0|0|0|0|0|0|0|0|0|0|0|2|30.8|42.6|45||||26.1|40.1|46.5|5.6|6.2|7.8||||||||||2.7|8.8|11.4|0|0.3|0.4||||||||||||||||||"21864927"|"64477795"
"Bg1"||"B"||1|10|51|61|35|97|106|25|46|91|0|0|0|0|0|0|100|100|100|100|100|100|92|100|100|83|96|100|2.5|9|15|0|0.2|0.3|0|0.2|0.4|0.4|0.5|0.7|1|4|7|1.1|4.1|7.6|22|30.2|39.5|||||||58|60.8|63|0|0|0|2|3|5||||1.21|1.24|1.25||||1.74|1.77|1.81|2.65|0.4|0.9|1.4|0.1|0.14|0.15||||31|43.6|44|22.7|32.4|35.6|50|51|52|10.6|13.2|14|55|74|81|29|40|44|26|47|55|".15"|".15"|0|0|0|0|0|0|0|0|0|0|0|2|30.8|42.6|45||||26.1|40.1|46.5|5.6|6.2|7.8||||||||||2.7|8.8|11.4|0|0.3|0.4||||||||||||||||||"21864927"|"64477796"
"2Cg1"|2|"C"||1|61|119|176|87|173|203|26|54|142|0|0|0|0|0|0|100|100|100|100|100|100|94|100|100|89|99|100|0|1.6|20|0|0.1|1.2|0|0.2|2.5|0|0.3|3.7|0|0.5|6.3|0|0.5|6.3|30|51.1|60|||||||40|47.3|50|0|0|0|1|1|3||||1.38|1.42|1.42||||1.82|1.86|1.95|2.65|0.4|0.9|1.4|0.08|0.09|0.1||||31.1|33.2|35|22.9|26.8|30.5|44|44|46|7.7|9.4|11.1|52|60|67|29|33|36|28|39|44|".32"|".32"|0|0|0|0|0|0|0|0|0|0|0|2||||22.5|27|41.7|19.5|25.4|41.7|5.1|5.2|7.8||||||||||3.7|11.1|13.7|0|1.6|3||||||||||||||||||"21864927"|"64477797"
"Cg"||"C"|||91|107|200|200|203|203|0|96|112|0|0|0|0|0|0|100|100|100|100|100|100|90|99|100|81|94|100|0|6.4|20|0|0.1|0.3|0|0.3|0.9|0|1.2|3.8|0|3.4|10.6|0|1.4|4.4|20|37.8|65|||||||35|55.8|75|0|0|3|0.5|0.75|1||||1.3|1.34|1.37||||1.84|1.87|1.88|2.56|0.01|0.4|0.4|0.13|0.14|0.15||||29|41.2|44.2|19.2|30.4|40.8|44|45|47|5.6|11.9|16.8|45|68|88|24|41|56|20|45|68|".24"|".24"|0|0|3|0|0|2|0|0|0|0|0|2|26.2|39.7|49.9||||24.6|38|137.3|6.1|6.7|7.3|6.1|6.3|7.3|||||||2.8|5.9|8.7|0|0.3|0.4||||||||||||||||"Moderate"|"Very moist"|"21864928"|"64477798"
"Bssg"||"B"|||10|13|30|91|107|200|61|94|190|0|0|0|0|0|0|100|100|100|100|100|100|95|100|100|91|99|100|0|0.8|10|0|0.1|1.3|0|0.2|2.5|0|0.1|1.3|0|0.1|2.5|0|0.3|3.8|15|28.6|40|||||||60|70.6|75|0|0|3|0.75|0.9|1.5||||1.06|1.28|1.33||||1.77|1.8|1.99|2.53|0.01|0.21|0.4|0.08|0.09|0.1||||43.2|44.9|45.6|32.1|37.7|40.5|45|47|55|12.5|15.9|16.9|71|83|89|43|52|56|45|62|68|".20"|".20"|0|0|3|0|0|2|0|0|0|0|0|2|42.3|48.9|50.6||||39.3|46.5|138|6.1|6.6|7.3|6.1|6.3|7.3|||||||3.9|6.8|9|0|0.3|0.4||||||||||||||||"Moderate"|"Very moist"|"21864928"|"64477799"
"Ap"||"A"|||0|0|0|10|13|30|10|13|30|0|0|0|0|0|0|100|100|100|100|100|100|89|96|100|76|84|93|0|17.2|20|0|0.6|0.7|0|2.3|2.7|0|4|4.7|0|8|9.2|0|2.3|2.7|20|33.7|40|||||||40|49.1|70|0|0|0|1.5|4|5||||1.26|1.29|1.36||||1.71|1.74|2.02|2.52|0.4|0.4|0.4|0.11|0.14|0.15||||31|41|44.6|22.6|29.9|41.3|44|46|48|7.7|10.4|16.2|54|68|91|29|38|52|23|36|59|".24"|".24"|0|0|0|0|0|0|0|0|0|0|0|2|30.5|37.6|51.4||||28|35.8|49.2|6.1|6.7|7.3|6.1|6.5|7.3|||||||3.5|7.2|10.6|0|0.1|0.4||||||||||||||||"Moderate"|"Wet"|"21864928"|"64477800"
