"CB"||"CB"||||97|||114|||17||0|0|0|0|0|0|100|100|100|95|97.5|100|65|82.5|100|51|75.5|100||26.3|||2.1|||3|||4.3|||8.2|||8.7|||52.7||||||||10|21|32|0|||0|0.25|0.5||||1.4|1.45|1.5|||||1.52|||0.42|7|14|0.1|0.16|0.22|||||27.5|||12.3|||41||0|1.5|2.9|15|27.5|40|0|10|20|0|5|21|".43"|".43"|0|0|0|0|0|0|0|0|0|0|0|0|4|11|18|||||||5.6|7|8.4|||||||||||||||||||||||||||||||||"21856250"|"64452052"
"Bg"||"B"||||13|||97|||84||0|0|0|0|0|0|100|100|100|98|99|100|95|97.5|100|90|95|100||3|||0|||0|||0|||0.7|||2.3|||42||||||||35|55|75|0|||0.5|0.75|1||||1.45|1.5|1.55|||||1.87|||0.01|0.21|0.42|0.15|0.18|0.2|||||28.5|||33.7|||40||6|7.5|8.9|50|71|92|25|43.5|62|25|48|74|".28"|".28"|0|0|0|0|0|0|0|0|0|0|0|0|18|28|38|||||||5.6|6.7|7.8|||||||||||||||||||||||||||||||||"21856250"|"64452053"
"Ap"||"A"||||0|||13|||13||0|0|0|0|0|0|100|100|100|98|99|100|95|97.5|100|90|95|100|0.5|1.8|3||0|||0|||0.1|||0.5|||1.2|||40.7||||||||40|57.5|75|0|||1|2|3||||1.45|1.5|1.55|||||1.87|||0.01|0.21|0.42|0.15|0.18|0.2|||||18.9|||36.6|||39||6|7.5|8.9|50|71|92|25|43.5|62|25|48|74|".24"|".24"|0|0|0|0|0|0|0|0|0|0|0|0|20|32.5|45|||||||5.6|6.7|7.8|||||||||||||||||||||||||||||||||"21856250"|"64452054"
"C"||"C"||||114|||183|||69||0|0|0|0|0|0|100|100|100|95|97.5|100|65|82.5|100|51|75.5|100||91|||1.2|||13.2|||28.7|||34.6|||13.3|||1||||||||5|8|32|0|||0|0.25|0.5||||1.4|1.45|1.5|||||1.52|||0.42|7|14|0.1|0.16|0.22||25.4|||21.4|||12.3|||41||0|1.5|2.9|15|27.5|40|0|10|20|0|5|21|".15"|".15"|0|0|0|0|0|0|0|0|0|0|0|0|4|11|18|||||||5.6|7|8.4|||||||||||||||||||||||||||||||||"21856250"|"64452055"
"C"||"C"||||140|||183|||43||0|0|0|0|0|0|100|100|100|100|100|100|95|97.5|100|70|82.5|95|5|15.5|20|0|1.1|1.5|0|1.7|2|0|2.4|5|2|4.9|7|1|5.4|8|2|37|72|||||||20|47.5|75||||0.5|0.75|1||||1.2|1.38|1.55||||1.53|1.71|1.78||1.4|2.7|4|0.14|0.18|0.22||||23.4|33|39.6|11.4|26.4|35.6|39|45|52|6|7.5|8.9|35|57.5|80|15|37.5|60|8|32|64|".24"|".24"|0|0|0|0|0|0|0|0|0|0|0|0|10|20|30||||10|20|30|6.1|7|7.8||||||||||0|3.2|6.9|||||||||||||||||||||"21856198"|"64451991"
"Bss"||"B"||||18|||140|||122||0|0|0|0|0|0|100|100|100|100|100|100|95|97.5|100|75|85|95|0.5|1.8|3|0|0|0|0|0|0.1|0|0.1|1|0|0.5|2|0.5|1.2|2|17|28.2|39.5|||||||60|70|80||||0.5|0.75|1||||1.2|1.3|1.4||||1.51|1.61|1.68||0.01|0.21|0.42|0.14|0.17|0.2||||42.8|44.4|45.8|32|37.5|42.9|44|48|52|6|7.5|8.9|75|80|85|50|55|60|39|51|65|".20"|".20"|0|0|0|0|0|0|0|0|0|0|0|0|15|22.5|30||||10|20|30|6.1|7|7.8||||||||||0.4|3.5|6.9|||||||||||||||||||||"21856198"|"64451992"
"Ap"||"A"||||0|||18|||18||0|0|0|0|0|0|100|100|100|100|100|100|95|97.5|100|75|85|95|0.5|1.8|3|0|0|0|0|0|0.1|0|0.1|1|0|0.5|2|0.5|1.2|2|27|43.2|59.5|||||||40|55|70||||1|2.5|4||||1.2|1.3|1.4||||1.51|1.61|1.68||0.42|1|1.4|0.15|0.18|0.2||||30.7|41.9|44.4|22.1|31.4|40.5|43|47|51|6|7.5|8.9|55|70|85|35|45|55|26|42|61|".24"|".24"|0|0|0|0|0|0|0|0|0|0|0|0|15|20|25||||10|20|30|6.1|7|7.8||||||||||0.6|3.9|7.4|||||||||||||||||||||"21856198"|"64451993"
"Bssyg"||"B"||||76|||183|||107||0|0|0|0|0|0|100|100|100|100|100|100|100|100|100|95|97.5|100|5|16.2|25|0|1.5|2|0|2|3|0|2.7|5|2|5|7|1|5|8|0|26.3|68.8|||||||25|57.5|90|0|||0|0.25|0.5||||1.2|1.45|1.7||||1.55|1.8|1.87||0.42|1|1.4|0.12|0.17|0.22||||25.2|39.1|43.5|13.6|31.6|39.2|34|43|52|6|7.5|8.9|32|58.5|85|11|30.5|50|10|35|61|".20"|".20"|0|3|5|0|0|0|0|0|0|0|0|0|5|22.5|40||||35|38|45|6.6|7.5|8.4||||||||||0|5|18.3|||||||||||||||||||||"21856196"|"64451988"
"Bssg"||"B"||||13|||76|||63||0|0|0|0|0|0|100|100|100|100|100|100|100|100|100|95|97.5|100|0.5|1.8|3|0|0|0|0|0|0.1|0|0.1|1|0|0.5|2|0.5|1.2|2|7|23.2|39.5|||||||60|75|90|0|||0|0.25|0.5||||1.2|1.35|1.5||||1.88|1.98|2.01||0.01|0.21|0.42|0.07|0.11|0.14||||39|44|46|32|40.2|41.4|41|46|52|9|17|25|56|70.5|85|30|40|50|32|46|61|".17"|".17"|0|3|5|0|0|0|0|0|0|0|0|0|20|30|40||||35|38|45|5.6|7|8.4||||||||||0|11.2|23.3|||||||||||||||||||||"21856196"|"64451989"
"Ap"||"A"||||0|||13|||13||0|0|0|0|0|0|100|100|100|100|100|100|100|100|100|95|97.5|100|0.5|1.8|3|0|0|0|0|0|0.1|0|0.1|1|0|0.5|2|0.5|1.2|2|37|48.2|59.5|||||||40|50|60|0|||0.5|2.25|4||||1.2|1.35|1.5||||1.7|1.77|2.01||0.01|0.21|0.42|0.07|0.11|0.14||||32|40|41.7|21.9|29.1|36.1|40|45|51|9|17|25|46|65.5|85|22|36|50|23|41|61|".28"|".28"|0|0|0|0|0|0|0|0|0|0|0|0|20|30|40||||25|32|35|5.1|6.8|8.4||||||||||0|13|27.2|||||||||||||||||||||"21856196"|"64451990"
"C"||"C"||||140|||183|||43||0|0|0|0|0|0|100|100|100|100|100|100|95|97.5|100|70|82.5|95|10|23.3|30|0|3.2|4|0|3.7|5|0|4.3|5|2|6.5|8|1|5.6|8|0|29.2|66.7|||||||20|47.5|75||||0.5|0.75|1||||1.2|1.38|1.55||||1.53|1.71|1.78||1.4|2.7|4|0.14|0.18|0.22||||23.4|38.9|43.3|11.4|26.4|41.3|39|45|52|6|7.5|8.9|35|57.5|80|15|37.5|60|8|32|64|".20"|".20"|0|0|0|0|0|0|0|0|0|0|0|0|10|20|30||||10|20|30|6.1|7|7.8||||||||||0|3.2|6.9|||||||||||||||||||||"21856246"|"64452049"
"Bss"||"B"||||18|||140|||122||0|0|0|0|0|0|100|100|100|100|100|100|95|97.5|100|75|85|95|0.5|1.8|3|0|0|0|0|0|0.1|0|0.1|1|0|0.5|2|0.5|1.2|2|17|28.2|39.5|||||||60|70|80||||0.5|0.75|1||||1.2|1.3|1.4||||1.51|1.61|1.68||0.01|0.21|0.42|0.14|0.17|0.2||||42.8|44.4|45.8|32|37.5|42.9|44|48|52|6|7.5|8.9|75|80|85|50|55|60|39|51|65|".20"|".20"|0|0|0|0|0|0|0|0|0|0|0|0|15|22.5|30||||10|20|30|6.1|7|7.8||||||||||0.4|3.5|6.9|||||||||||||||||||||"21856246"|"64452050"
"Ap"||"A"||||0|||18|||18||0|0|0|0|0|0|100|100|100|100|100|100|95|97.5|100|75|85|95|0.5|1.8|3|0|0|0|0|0|0.1|0|0.1|1|0|0.5|2|0.5|1.2|2|27|43.2|59.5|||||||40|55|70||||1|2.5|4||||1.2|1.3|1.4||||1.51|1.61|1.68||0.42|1|1.4|0.15|0.18|0.2||||30.7|41.9|44.4|22.1|31.4|40.5|43|47|51|6|7.5|8.9|55|70|85|35|45|55|26|42|61|".24"|".24"|0|0|0|0|0|0|0|0|0|0|0|0|15|20|25||||10|20|30|6.1|7|7.8||||||||||0.6|3.9|7.4|||||||||||||||||||||"21856246"|"64452051"
"Bssyg"||"B"||||76|||183|||107||0|0|0|0|0|0|100|100|100|100|100|100|100|100|100|95|97.5|100|5|16.2|25|0|1.5|2|0|2|3|0|2.7|5|2|5|7|1|5|8|0|26.3|68.8|||||||25|57.5|90|0|||0|0.25|0.5||||1.2|1.45|1.7||||1.55|1.8|1.87||0.42|1|1.4|0.12|0.17|0.22||||25.2|39.1|43.5|13.6|31.6|39.2|34|43|52|6|7.5|8.9|32|58.5|85|11|30.5|50|10|35|61|".20"|".20"|0|3|5|0|0|0|0|0|0|0|0|0|5|22.5|40||||35|38|45|6.6|7.5|8.4||||||||||0|5|18.3|||||||||||||||||||||"21856245"|"64452046"
"Bssg"||"B"||||13|||76|||63||0|0|0|0|0|0|100|100|100|100|100|100|100|100|100|95|97.5|100|0.5|1.8|3|0|0|0|0|0|0.1|0|0.1|1|0|0.5|2|0.5|1.2|2|7|23.2|39.5|||||||60|75|90|0|||0|0.25|0.5||||1.2|1.35|1.5||||1.88|1.98|2.01||0.01|0.21|0.42|0.07|0.11|0.14||||39|44|46|32|40.2|41.4|41|46|52|9|17|25|56|70.5|85|30|40|50|32|46|61|".17"|".17"|0|3|5|0|0|0|0|0|0|0|0|0|20|30|40||||35|38|45|5.6|7|8.4||||||||||0|11.2|23.3|||||||||||||||||||||"21856245"|"64452047"
"Ap"||"A"||||0|||13|||13||0|0|0|0|0|0|100|100|100|100|100|100|100|100|100|95|97.5|100|0.5|1.8|3|0|0|0|0|0|0.1|0|0.1|1|0|0.5|2|0.5|1.2|2|37|48.2|59.5|||||||40|50|60|0|||0.5|2.25|4||||1.2|1.35|1.5||||1.7|1.77|2.01||0.01|0.21|0.42|0.07|0.11|0.14||||32|40|41.7|21.9|29.1|36.1|40|45|51|9|17|25|46|65.5|85|22|36|50|23|41|61|".28"|".28"|0|0|0|0|0|0|0|0|0|0|0|0|20|30|40||||25|32|35|5.1|6.8|8.4||||||||||0|13|27.2|||||||||||||||||||||"21856245"|"64452048"
"Ap"||"A"||||0|||18|||18||0|0|0|0|0|0|100|100|100|100|100|100|95|97.5|100|70|82.5|95|10|24.8|30|0|2.1|2.5|0|2.8|3|0|2.5|5|3|7.5|10|2|9.9|15|38.2|52.7|67.2|||||||18|22.5|27||||1|2.5|4||||1.35|1.45|1.55||||1.55|1.65|1.72||1.4|8|14|0.16|0.19|0.22||||27.3|30.7|33.4|11.8|16.3|20.8|38|41|45|3|4.5|5.9|35|45|55|15|22.5|30|8|19|32|".43"|".43"|0|0|0|0|0|0|0|0|0|0|0|0|15|20|25||||10|20|30|6.1|7|7.8||||||||||0.6|3.9|7.4|||||||||||||||||||||"21856192"|"64451985"
"C"||"C"||||140|||183|||43||0|0|0|0|0|0|100|100|100|100|100|100|95|97.5|100|70|82.5|95|10|23.3|30|0|3.2|4|0|3.7|5|0|4.3|5|2|6.5|8|1|5.6|8|0|29.2|66.7|||||||20|47.5|75||||0.5|0.75|1||||1.2|1.38|1.55||||1.53|1.71|1.78||1.4|2.7|4|0.14|0.18|0.22||||23.4|38.9|43.3|11.4|26.4|41.3|39|45|52|6|7.5|8.9|35|57.5|80|15|37.5|60|8|32|64|".20"|".20"|0|0|0|0|0|0|0|0|0|0|0|0|10|20|30||||10|20|30|6.1|7|7.8||||||||||0|3.2|6.9|||||||||||||||||||||"21856192"|"64451986"
"Bss"||"B"||||18|||140|||122||0|0|0|0|0|0|100|100|100|100|100|100|95|97.5|100|75|85|95|0.5|1.8|3|0|0|0|0|0|0.1|0|0.1|1|0|0.5|2|0.5|1.2|2|17|28.2|39.5|||||||60|70|80||||0.5|0.75|1||||1.2|1.3|1.4||||1.51|1.61|1.68||0.01|0.21|0.42|0.14|0.17|0.2||||42.8|44.4|45.8|32|37.5|42.9|44|48|52|6|7.5|8.9|75|80|85|50|55|60|39|51|65|".20"|".20"|0|0|0|0|0|0|0|0|0|0|0|0|15|22.5|30||||10|20|30|6.1|7|7.8||||||||||0.4|3.5|6.9|||||||||||||||||||||"21856192"|"64451987"
"Bssyg"||"B"||||76|||183|||107||0|0|0|0|0|0|100|100|100|100|100|100|100|100|100|95|97.5|100|5|16.2|25|0|1.5|2|0|2|3|0|2.7|5|2|5|7|1|5|8|0|26.3|68.8|||||||25|57.5|90|0|||0|0.25|0.5||||1.2|1.43|1.65||||1.55|1.78|1.85||0.42|1|1.4|0.12|0.15|0.18||||25.2|39.6|44|13.6|31.5|39.6|36|44|52|6|7.5|8.9|32|58.5|85|11|30.5|50|10|35|61|".20"|".20"|0|3|5|0|0|0|0|0|0|0|0|0|10|25|40||||35|38|45|6.6|7.5|8.4||||||||||0|6.2|18.3|||||||||||||||||||||"21856227"|"64452027"
"Bssg"||"B"||||13|||76|||63||0|0|0|0|0|0|100|100|100|100|100|100|100|100|100|95|97.5|100|0.5|1.8|3|0|0|0|0|0|0.1|0|0.1|1|0|0.5|2|0.5|1.2|2|7|23.2|39.5|||||||60|75|90|0|||0|0.25|0.5||||1.2|1.35|1.5||||1.88|1.98|2.01||0.01|0.21|0.42|0.07|0.11|0.14||||39|44|46|32|40.2|41.4|41|46|52|9|17|25|56|70.5|85|30|40|50|32|46|61|".17"|".17"|0|3|5|0|0|0|0|0|0|0|0|0|20|30|40||||35|38|45|5.1|6.8|8.4||||||||||0|12.2|25.8|||||||||||||||||||||"21856227"|"64452028"
"Ap"||"A"||||0|||13|||13||0|0|0|0|0|0|100|100|100|100|100|100|100|100|100|95|97.5|100|0.5|1.8|3|0|0|0|0|0|0.1|0|0.1|1|0|0.5|2|0.5|1.2|2|37|48.2|59.5|||||||40|50|60|0|||0.5|2.25|4||||1.2|1.35|1.5||||1.7|1.77|2.01||0.01|0.21|0.42|0.12|0.15|0.18||||32|40|41.7|21.9|29.1|36.1|40|45|51|9|17|25|46|65.5|85|22|36|50|23|41|61|".28"|".28"|0|0|0|0|0|0|0|0|0|0|0|0|20|30|40||||25|32|35|5.1|6.8|8.4||||||||||0|13|27.2|||||||||||||||||||||"21856227"|"64452029"
"A"||"A"||||0|||13|||13||0|0|0|0|0|0|100|100|100|100|100|100|100|100|100|70|85|100|1|11.8|||0.2|||0.4|||0.9|||3.5|||6.8|||70.2||||||||10|18|26||||0.5|2.25|4||||1.3|1.5|1.7|||||1.57|||4|9|14|0.18|0.21|0.23|||||29|||13.9|||40||0|1.5|2.9|15|22.5|30|0|5|10|0|2|9|".43"|".43"|0|0|0|0|0|0|0|0|0|0|0|0|4|7|10|||||||5.6|6.5|7.3|||||||||||||||||||||||||||||||||"21856225"|"64452024"
"C"||"C"||||58|||183|||125||0|0|0|0|0|0|100|100|100|100|100|100|100|100|100|70|85|100|15|65.1|||3.3|||5.4|||8.8|||20.5|||27.1|||14.9||||||||10|20|30||||0|0.25|0.5||||1.3|1.48|1.65|||||1.55|||4|9|14|0.14|0.19|0.23|||||22.8|||14|||42||0|1.5|2.9|15|27.5|40|0|10|20|0|6|21|".32"|".32"|0|3|5|0|0|0|0|0|0|0|0|0|5|15|25|||||||6.6|7.5|8.4|||||||||||||||||||||||||||||||||"21856225"|"64452025"
"Bw"||"B"||||13|||58|||45||0|0|0|0|0|0|100|100|100|100|100|100|100|100|100|90|95|100|0.5|7.4|||0.4|||0.6|||1|||2.3|||3.1|||65.6||||||||18|27|30||||0|0.25|0.5||||1.3|1.48|1.65|||||1.69|||4|9|14|0.18|0.21|0.23|||||29.4|||14.5|||41||3|4.5|5.9|28|34|40|12|16|20|9|15|21|".49"|".49"|0|0|0|0|0|0|0|0|0|0|0|0|5|15|25|||||||6.1|7.3|8.4|||||||||||||||||||||||||||||||||"21856225"|"64452026"
"Cg"||"C"||||99|||183|||84||0|0|0|0|0|0|100|100|100|100|100|100|100|100|100|75|87.5|100|0.5|7.3|||0|||0|||0.2|||2|||5.1|||66.2||||||||14|26.5|39||||0.5|0.75|1||||1.35|1.5|1.65|||||1.57|||1.4|8|14|0.2|0.22|0.23|||||31|||16.9|||40||0|1.5|2.9|23|34|45|3|13|23|0|11|25|".49"|".49"|0|0|0|0|0|0|0|0|0|0|0|0|10|25|40||||15|22.5|30|6.6|7.5|8.4|||||||||||||||||||||||||||||||||"21856223"|"64452021"
"Bg"||"B"||||36|||99|||63||0|0|0|0|0|0|100|100|100|100|100|100|100|100|100|85|92.5|100|0.5|6.8|35||0|||0|||0.2|||1.9|||4.7|||66.7||||||||14|26.5|39||||0.5|0.75|1||||1.35|1.5|1.65|||||1.71|||1.4|2.7|4|0.2|0.21|0.22|||||31|||16.9|||40||3|4.5|5.9|32|38.5|45|11|17|23|8|16|25|".49"|".49"|0|0|0|0|0|0|0|0|0|0|0|0|10|20|30||||15|22.5|30|6.1|7.3|8.4|||||||||||||||||||||||||||||||||"21856223"|"64452022"
"Ap"||"A"||||0|||36|||36||0|0|0|0|0|0|100|100|100|100|100|100|100|100|100|75|87.5|100|1|11.4|||0.1|||0.4|||0.9|||3.4|||6.6|||68.1||||||||14|20.5|27||||0.5|2.25|4||||1.35|1.5|1.65|||||1.57|||4|9|14|0.21|0.22|0.23|||||30|||15.4|||40||0|1.5|2.9|15|22.5|30|0|5|10|0|2|9|".43"|".43"|0|0|0|0|0|0|0|0|0|0|0|0|5|10|15||||15|22.5|30|5.6|7|8.4|||||||||||||||||||||||||||||||||"21856223"|"64452023"
"Ap"||"A"||||0|||18|||||0|0|0|0|0|0|100|100|100|100|100|100|100|100|100|75|87.5|100||11.4|||0.1|||0.4|||0.9|||3.4|||6.6|||68.1||||||||14|20.5|27||||0.5|2.25|4||||1.35|1.5|1.65|||||1.57|||4.23|9.17|14.11|0.21|0.22|0.23|||||30|||15.4|||40||0|1.5|2.9|25|35|45|9|14|18|4|12|21|".43"|".43"|0|0|0|0|0|0|0|0|0|0|0|0|5|10|15||||3|9|15|5.6|7.3|8.4|||||||||||||||||||||||||||||||||"21856257"|"64452066"
"Bw, Bg"||"B"||||18|||160|||||0|0|0|0|0|0|100|100|100|100|100|100|100|100|100|85|92.5|100||6.8|||0|||0|||0.2|||1.9|||4.7|||66.7||||||||14|26.5|39||||0.5|0.75|1||||1.35|1.5|1.65|||||1.71|||1.41|2.82|4.23|0.2|0.21|0.22|||||31|||16.9|||41||3|4.5|5.9|26|39|51|9|18|28|5|17|31|".49"|".49"|0|0|0|0|0|0|0|0|0|0|0|0|10|20|30||||9|19|30|6.1|7.3|8.4|||||||||||||||||||||||||||||||||"21856257"|"64452067"
"Cg"||"C"||||160|||203|||||0|0|0|0|0|0|100|100|100|100|100|100|100|100|100|75|87.5|100||23.9|||3.3|||3.8|||4.4|||6.7|||5.7|||29.6||||||||14|46.5|60||||0.5|0.75|1||||1.35|1.5|1.65|||||1.57|||1.41|7.76|14.11|0.2|0.22|0.23|||||36.1|||26.5|||41||0|1.5|2.9|25|37|67|9|18|43|4|15|49|".20"|".20"|0|0|0|0|0|0|0|0|0|0|0|0|10|25|40||||9|25|40|6.6|7.5|8.4|||||||||||||||||||||||||||||||||"21856257"|"64452068"
"Ap"||"A"||||0|||13|||13||0|0|0|0|0|0|100|100|100|98|99|100|95|97.5|100|90|95|100||17.1|||1.5|||2.1|||2.9|||5.3|||5.3|||27.9||||||||35|55|75||||1|2|3||||1.45|1.5|1.55||||1.82|1.87|1.94||0|0.21|0.42|0.15|0.18|0.2||||24.3|37.4|40.5|22|32.4|36.4|38|40|42|6|7.5|8.9|47|67|87|25|40|55|24|44|66|".24"|".24"|0|0|0|0|0|0|0|0|0|0|0|0|26.8|40.5|53.6||||22|37|54|5.6|6.7|7.8|||||||||||||||||||||||||||||||||"21856256"|"64452062"
"Bg1-2"||"B"||||13|||71|||58||0|0|0|0|0|0|100|100|100|98|99|100|95|97.5|100|90|95|100||17.1|||1.5|||2.1|||2.9|||5.3|||5.3|||27.9||||||||35|55|75||||0|0.25|0.5||||1.45|1.5|1.55||||1.82|1.87|1.94||0|0.21|0.42|0.15|0.18|0.2||||23.8|37.4|40.5|20.8|30.4|36.4|39|41|43|6|7.5|8.9|45|64|82|25|40|55|23|43|64|".24"|".24"|0|0|0|0|0|0|0|0|0|0|0|0|23.4|39.1|53.1||||19|35|51|5.6|6.7|7.8|||||||||||||||||||||||||||||||||"21856256"|"64452063"
"2C1-3"|2|"C"||||71|||173|||112||0|0|0|0|0|0|100|100|100|95|97.5|100|65|82.5|100|51|75.5|100||21.6|||1.7|||2.5|||3.5|||6.8|||7.1|||57.4||||||||10|21|32||||0|0.25|0.5||||1.4|1.45|1.5||||1.47|1.52|1.58||0.42|7.27|14.11|0.1|0.16|0.22||||12.6|27.5|32.5|5.6|12.3|19.2|40|42|45|0|1.5|2.9|20|31|42|6|14|22|0|8|23|".49"|".49"|0|0|0|0|0|0|0|0|0|0|0|0|8|16.5|24.3||||7|16|21|5.6|7|8.4|||||||||||||||||||||||||||||||||"21856256"|"64452064"
"2C4"|2|"C"||||173|||203|||30||0|0|0|0|0|0|100|100|100|95|97.5|100|65|82.5|100|51|75.5|100||17.6|||0.2|||0.4|||1.2|||5.1|||10.7|||54.4||||||||10|28|32||||0|0.25|0.5||||1.4|1.45|1.5||||1.47|1.52|1.58||0.42|7.27|14.11|0.1|0.16|0.22||||10.5|30.4|32.5|5.6|16.3|19.2|40|42|45|0|1.5|2.9|20|31|42|6|14|22|0|8|23|".43"|".43"|0|0|0|0|0|0|0|0|0|0|0|0|8|21.1|24.3||||7|16|24|5.6|7|8.4|||||||||||||||||||||||||||||||||"21856256"|"64452065"
"Ap"||"A"|||0|0|0|10|13|30||13||0|0|0|0|0|0|100|100|100|100|100|100|91|100|100|85|99|100|0.5|1.8|3|0|0|0.7|0|0.2|2.7|0|0.5|4.7|0|0.4|9.2|0|0.7|2.7|17|38.2|59.5|4.3|8|8.5|15.7|30.2|31.5|40|60|80|0|0|0|0.5|2.25|4||||1.1|1.35|1.5||||1.77|1.91|2.01|2.53|0.01|0.21|0.42|0.07|0.11|0.14||||32|41.7|44.7|21.9|34.3|40.2|40|45|51|9|17|25|52|77|102|29|45|60|26|54|75|".24"|".24"|0|0|0|0|0|0|0|1|2|0|1|2||||22.5|34.6|70.3|65|80.2|97|5.1|5.3|8.4|4.8|5.9|7.1|||||||0|12.5|18.7|||||||||||||||||||||"21856255"|"64452058"
"Bg"||"B"|||10|13|30|65|71|91||58||0|0|0|0|0|0|100|100|100|100|100|100|94|100|100|90|99|100|0.5|1.8|3|0|0|0.7|0|0.2|2.5|0|0.5|1.3|0|0.4|2.5|0|0.7|3.8|12.4|23.2|39.5|1.7|1.7|2.5|13.3|21.5|37.5|60|75|90|0|0|0|0|0.25|0.5||||1.1|1.35|1.5||||1.88|1.98|2.01|2.54|0.01|0.21|0.42|0.07|0.11|0.14||||39|44|46|32|40.2|41.4|41|46|52|9|17|25|68|86|105|44|56|68|44|66|83|".17"|".17"|0|3|5|0|0|0|0|1|1|0|1|2|22.8|41.9|56||||71|81.7|93|5.6|6.3|8.4|4.8|5.8|6.8|||||||0|7.7|10.9|||||||||||||||||||||"21856255"|"64452059"
"Bssg"||"B"|||65|71|91|120|124|150||53||0|0|0|0|0|0|100|100|100|100|100|100|94|100|100|90|99|100|0.5|1.8|3|0|0|1.3|0|0.2|2.5|0|0.5|1.3|0|0.4|2.5|0|0.7|3.8|12.4|23.2|39.5|1.7|1.7|2.5|13.3|21.5|37.5|60|75|90|0|0|0|0|0.25|0.5||||1.1|1.35|1.5||||1.88|1.98|2.01|2.54|0.01|0.21|0.42|0.07|0.11|0.14||||39|44|46|32|40.2|41.4|41|46|52|9|17|25|68|86|105|44|56|68|44|66|83|".17"|".17"|0|3|5|0|0|2|0|1.6|2|0|1|2|23.9|43.6|54.4||||69|81.2|92|5.6|7.5|8.4|5.3|6.6|7.5|||||||0|2.3|10.3|||||||||||||||||||||"21856255"|"64452060"
"Cssyg"||"C"|||120|124|150|200|203|203||79||0|0|0|0|0|0|100|100|100|100|100|100|89|96|100|72|96|100|0|6.4|20|0|0.4|2|0|0.5|2.5|0|0.5|3.8|0|1|10.6|0|4|10|0|37.8|75|3.3|6.3|10.8|16.7|31.5|54.2|25|55.8|90|0|4|10|0|0.25|0.5||||1.1|1.45|1.7||||1.55|1.8|1.87|2.57|0.42|0.92|1.41|0.12|0.17|0.22||||25.2|38.9|43.5|13.6|30.7|39.2|34|43|52|6|7.5|8.9|37|66|95|18|42|66|11|46|78|".24"|".24"|0|3|5|0|0|2|0|1.8|3|0|1|2|10.3|42.9|51.9||||71|90|97|6.6|7.5|8.4|4.5|7.1|7.6|||||||0|1.7|6.1|||||||||||||||||||||"21856255"|"64452061"
"Ag"||"A"||1||0|||13|||||0|0|0|0|0|0|100|100|100|100|100|100|100|100|100|95|97.5|100|0.5|1.8|3||0.2|||0.2|||0.3|||0.6|||0.5|||30.7||||||||40|67.5|95|0|0|0|2|8.5|15||||1|1.13|1.45||||1.46|1.79|1.81||0.1|0.21|0.42|0.18|0.19|0.2||||37|47.4|51.4|21.6|40.1|46.3|39|51|64|9|17|25|55|95|133|29|49|68|31|61|92|".17"|".17"|0|0|0|0|0|0|0|0|0|0|0|0|30.8|50.7|69.3|||||||5.6|6.5|7.3|||||||||||||||||||||||||||||||"Extremely high"|"Wet"|"21856254"|"64452056"
"Bg"||"B"||2||13|||203|||||0|0|0|0|0|0|100|100|100|100|100|100|100|100|100|95|97.5|100|0.5|1.8|3||0.2|||0.2|||0.3|||0.6|||0.5|||30.7||||||||40|67.5|95|0|0|0|1|2|3||||1|1.13|1.45||||1.46|1.79|1.81||0.1|0.21|0.42|0.18|0.19|0.2||||0.3|47.4|51.4|0.3|34.9|48.8|42|54|66|9|17|25|53|83|113|29|50|71|31|58|88|".20"|".20"|0|0|0|0|0|0|0|0|0|0|0|0|30.1|48.3|65.7|||||||5.6|6.5|7.3|||||||||||||||||||||||||||||||"Extremely high"|"Wet"|"21856254"|"64452057"
"Ap"||"A"|||0|0|0|8|10|20|8|10|20|0|0|0|0|0|0|100|100|100|100|100|100|84|92|100|69|81|95|4|22.1|30|0|3|4|0|3.5|5|0|4.1|5|2|6.2|8|1|5.3|8|6|27.9|52.9|||||||40|50|64|0|0|0|1|2|4||||1.15|1.33|1.5||||1.47|1.65|1.72|2.65|0.01|0.21|0.42|0.12|0.15|0.18||||32.1|40.4|42.8|22.3|28.6|37.9|40|46|53|6|7.5|8.9|48|57|66|25|32|39|16|27|43|".24"|".24"|0|0|0|0|0|0|0|0|0|0|0|0|35|47.5|60|35|40|60|15|25|35|4.5|5.5|6.5||||||||||16.5|28.1|40.1|||||||||||||||||||"Low"|"Moist"|"21856234"|"64452036"
"Bw1"||"B"||1|8|10|20|70|76|110|50|66|90|0|0|0|0|0|0|100|100|100|100|100|100|92|98|100|84|93|100|0.5|8.2|10|0|0.8|1|0|1|1.5|0|1.4|2|1|2.5|5|1|2.5|5|5|19.3|36.5|||||||60|72.5|85|0|0|0|0.5|0.75|1||||1.15|1.3|1.45||||1.46|1.61|1.68|2.65|0.01|0.21|0.42|0.12|0.15|0.18||||39.9|44.8|46.5|32|38.8|45.5|42|48|53|6|7.5|8.9|66|77.5|89|39|48|57|35|52|68|".17"|".17"|0|0|0|0|0|0|0|0|0|0|0|0|35|47.5|60|35|40|60|15|25|35|4.5|5.5|6.5||||||||||16.3|27.6|38.9|||||||||||||||||||"Moderate"|"Moist"|"21856234"|"64452037"
"Bw2"||"B"||2|70|76|110|120|127|180|50|51|70|0|0|0|0|0|0|100|100|100|100|100|100|91|98|100|82|93|100|0.5|8.9|10|0|0.8|1|0|1.1|1.5|0|1.5|3|1|2.7|5|1|2.8|8|5|21.1|40.9|||||||55|70|85|0|0|2|0.5|0.75|1||||1.15|1.3|1.45||||1.46|1.61|1.68|2.65|0.01|0.21|0.42|0.12|0.15|0.18||||41.9|44.4|46.5|29.4|37.5|45.5|42|48|53|6|7.5|8.9|62|77.5|89|36|46.5|57|31|50|68|".17"|".17"|0|0|0|0|0|0|0|0|0|0|0|0|30|40|50||||15|25|35|6.1|7.3|8.4||||||||||4.3|14.9|25.9|||||||||||||||||||"Moderate"|"Moist"|"21856234"|"64452038"
"C"||"C"|||120|127|180|203|203|203|76|76|100|0|0|0|0|0|0|100|100|100|100|100|100|87|99|100|74|94|100|0.5|8|10|0|0.2|0.5|0|0.5|1|0|0.9|2|1|2.5|5|1|3.9|8|20|52|84.3|||||||15|40|70|0|0|2|0.1|0.3|0.5||||1.15|1.35|1.55||||1.48|1.68|1.74|2.65|0.42|7|14|0.12|0.17|0.22||||20.4|30.5|38.2|8.1|21.7|37.8|39|46|54|6|7.5|8.9|26|46|66|8|23.5|39|3|24|46|".32"|".32"|0|0|0|0|0|0|0|0|0|0|0|0|10|25|40||||15|25|35|6.1|7.5|8.4||||||||||0|6.2|20.8|||||||||||||||||||"Moderate"|"Moist"|"21856234"|"64452039"
"C"||"C"|||120|127|180|203|203|203|76|76|100|0|0|0|0|0|0|100|100|100|100|100|100|87|99|100|74|94|100|0.5|8|10|0|0.2|0.5|0|0.5|1|0|0.9|2|1|2.5|5|1|3.9|8|20|52|84.3|||||||15|40|70|0|0|2|0.1|0.3|0.5||||1.15|1.35|1.55||||1.48|1.68|1.74|2.65|0.42|7|14|0.12|0.17|0.22||||20.4|30.5|38.2|8.1|21.7|37.8|39|46|54|6|7.5|8.9|26|46|66|8|23.5|39|3|24|46|".32"|".32"|0|0|0|0|0|0|0|0|0|0|0|0|11.7|29.6|49.9||||15|25|35|6.1|7.5|8.4||||||||||0|8.5|25.7|||||||||||||||||||"Moderate"|"Moist"|"21856211"|"64452001"
"Ap"||"A"|||0|0|0|8|10|20|10|10|20|0|0|0|0|0|0|100|100|100|100|100|100|87|94|98|71|79|86|15|26.3|30|0|2.1|2.5|0|3|4|0|4.3|5|3|8.3|10|2|8.6|10|43|52.7|66.2|||||||15|21|27|0|0|0|1|2.5|4||||1.25|1.4|1.55||||1.31|1.46|1.61|2.65|1.4|8|14|0.16|0.2|0.24||||25.5|29.7|33|9.7|15|20.1|38|43|49|0|1.5|2.9|25|34|43|7|14.5|22|2|11|22|".43"|".43"|0|0|0|0|0|0|0|0|0|0|0|0|12.8|18|23||||15|25|35|5.1|5.6|6||||||||||8|13.2|18.8|||||||||||||||||||"Low"|"Moist"|"21856211"|"64452002"
"Bw1"||"B"||1|8|10|20|70|76|110|50|66|90|0|0|0|0|0|0|100|100|100|100|100|100|92|98|100|84|93|100|0.5|8.2|10|0|0.8|1|0|1|1.5|0|1.4|2|1|2.5|5|1|2.5|5|5|19.3|36.5|||||||60|72.5|85|0|0|0|0.5|0.75|1||||1.15|1.3|1.45||||1.46|1.61|1.68|2.65|0.01|0.21|0.42|0.12|0.15|0.18||||39.9|44.8|46.5|32|38.8|45.5|42|48|53|6|7.5|8.9|66|77.5|89|39|48|57|35|52|68|".17"|".17"|0|0|0|0|0|0|0|0|0|0|0|0|43.5|52.4|61.1||||15|25|35|4.5|5.5|6.5||||||||||20.5|30|39.5|||||||||||||||||||"Moderate"|"Moist"|"21856211"|"64452003"
"Bw2"||"B"||2|70|76|110|120|127|180|50|51|70|0|0|0|0|0|0|100|100|100|100|100|100|91|98|100|82|93|100|0.5|8.9|10|0|0.8|1|0|1.1|1.5|0|1.5|3|1|2.7|5|1|2.8|8|5|21.1|40.9|||||||55|70|85|0|0|2|0.5|0.75|1||||1.15|1.3|1.45||||1.46|1.61|1.68|2.65|0.01|0.21|0.42|0.12|0.15|0.18||||41.9|44.4|46.5|29.4|37.5|45.5|42|48|53|6|7.5|8.9|62|77.5|89|36|46.5|57|31|50|68|".17"|".17"|0|0|0|0|0|0|0|0|0|0|0|0|40.2|50.7|61.1||||15|25|35|6.1|7.3|8.4||||||||||9.4|20.2|31.4|||||||||||||||||||"Moderate"|"Moist"|"21856211"|"64452004"
"Ap"||"A"|||0|0|0|10|15|25|10|15|25|0|0|0|0|0|0|100|100|100|100|100|100|91|100|100|85|99|100|0.5|1.8|3|0|0|0|0|0|0.1|0|0.1|1|0|0.5|2|0.5|1.2|2|17|38.2|59.5|||||||40|60|80|0|0|0|0.5|2.25|4||||1.2|1.38|1.55||||1.53|1.71|1.78|2.65|0|0.21|0.42|0.12|0.15|0.18||||33.8|41.1|44|22.1|34.6|39.6|38|44|51|6|7.5|8.9|45|60|75|29|44|58|24|47|65|".24"|".24"|0|0|0|0|0|0|0|0|0|0|0|0|20|35|50|20|34.6|51.3|7|21|41|4.5|5.3|6||||||||||4.8|12.5|20.5|||||||||||||||||||"Moderate"|"Moist"|"21856208"|"64451998"
"Bkss"||"B"|||70|76|137|190|203|203|120|127|130|0|0|0|0|0|0|100|100|100|100|100|100|93|100|100|88|99|100|0.5|1.8|3|0|0|0|0|0|0.1|0|0.1|1|0|0.5|2|0.5|1.2|2|12|28.2|44.5|||||||55|70|85|0|1.8|3|0|0.25|0.5||||1.17|1.26|1.35||||1.75|1.85|1.96|2.65|0|0.21|0.42|0.12|0.15|0.18||||39.4|43.6|47.4|26.3|35.2|44.5|43|48|53|9|17|25|45|65|80|40|53|65|23|46|72|".20"|".20"|0|0|0|0|0|0|0|0|0|0|0|0|34.6|46.5|56.3||||16|33|50|6.1|7.3|8.4||||||||||0|3.9|8.9|||||||||||||||||||"Moderate"|"Moist"|"21856208"|"64451999"
"Bssg"||"B"|||10|15|25|70|76|137|60|61|66|0|0|0|0|0|0|100|100|100|100|100|100|93|100|100|88|99|100|0.5|1.8|3|0|0|0|0|0|0.1|0|0.1|1|0|0.5|2|0.5|1.2|2|12|28.2|44.5|||||||55|70|85|0|0|2|0.5|0.75|1||||1.17|1.29|1.4||||1.78|1.88|1.95|2.65|0|0.21|0.42|0.12|0.15|0.18||||42.1|44.6|46.7|29.3|37.4|45.4|44|48|53|9|17|25|65|83|101|40|52|65|40|61|79|".20"|".20"|0|0|0|0|0|0|0|0|0|0|0|0|38.7|48.3|57.6||||11|29|48|5.1|6.2|7.3||||||||||3.6|8.2|12.8|||||||||||||||||||"Moderate"|"Moist"|"21856208"|"64452000"
"Bkss"||"B"|||70|76|137|190|203|203|120|127|130|0|0|0|0|0|0|100|100|100|100|100|100|93|100|100|88|99|100|0.5|1.8|3|0|0|0|0|0|0.1|0|0.1|1|0|0.5|2|0.5|1.2|2|12|28.2|44.5|||||||55|70|85|0|1.8|3|0|0.25|0.5||||1.17|1.26|1.35||||1.75|1.85|2|2.65|0|0.21|0.42|0.12|0.15|0.18||||39.4|43.6|47.4|26.3|35.2|44.5|43|48|53|9|17|25|64|82|100|40|53|65|24|46|72|".20"|".20"|0|0|0|0|0|0|0|0|0|0|0|0|34.6|46.5|56.3||||16|33|50|6.1|7.3|8.4||||||||||0|3.9|8.9|||||||||||||||||||"Moderate"|"Moist"|"21856233"|"64452033"
"Bssg"||"B"|||10|15|25|70|76|137|60|61|66|0|0|0|0|0|0|100|100|100|100|100|100|93|100|100|88|99|100|0.5|1.8|3|0|0|0|0|0|0.1|0|0.1|1|0|0.5|2|0.5|1.2|2|12|28.2|44.5|||||||55|70|85|0|0|2|0.5|0.75|1||||1.17|1.29|1.4||||1.78|1.88|1.95|2.65|0|0.21|0.42|0.12|0.15|0.18||||42.1|44.6|46.7|29.3|37.4|45.4|44|48|53|9|17|25|65|83|101|40|52|65|43|60|79|".20"|".20"|0|0|0|0|0|0|0|0|0|0|0|0|38.7|48.3|57.6||||11|29|48|5.1|6.2|7.3||||||||||3.6|8.2|12.8|||||||||||||||||||"Moderate"|"Moist"|"21856233"|"64452034"
"Ap"||"A"|||0|0|0|10|15|25|10|15|25|0|0|0|0|0|0|100|100|100|100|100|100|93|100|100|78|87|97|10|18.7|25|0|0|0|0|0|0.1|0|0.8|2|3|7.1|14.1|5|10.8|12|38.8|56.3|70|||||||20|25|40|0|0|0|0.5|2.25|4||||1.35|1.53|1.7||||1.72|1.9|1.98|2.65|0.42|1|1.4|0.18|0.2|0.22||||28.2|32|37.8|12.9|18.4|29.6|32|39|45|6|7.5|8.9|33|42|59|14|18|29|9|16|35|".49"|".49"|0|0|0|0|0|0|0|0|0|0|0|0|16.2|20.6|31.5||||20|30|50|5.1|5.8|6.5||||||||||5|8.6|12.5|||||||||||||||||||"Low"|"Moist"|"21856233"|"64452035"
"Ap"||"A"||||0|||43|||43||0|0|0|0|0|0|100|100|100|100|100|100|89|99|100|81|91|100|1|13.7|||0.1|||0.4|||1|||3.9|||8.3|||69.3||||||||7|17|27||||0.5|1.25|2||||1.3|1.43|1.55||||1.37|1.5|1.56|2.65|4|9|14|0.16|0.19|0.22||||19.7|27|31.7|4.7|11.4|18|39|43|48|0|1.5|2.9|20|27.5|35|2|8.5|15|0|3|13|".43"|".43"|0|0|0|0|0|0|0|0|0|0|0.8|1|5|10|15||||2.2|7.2|12.7|5.1|5.6|6||||||||||3.3|6|9|||||||||||||||||||||"21856204"|"64451994"
"Bt"||"B"||||43|||61|||18||0|0|0|0|0|0|100|100|100|100|100|100|91|99|100|87|95|100|0.5|7.1|||0.4|||0.6|||1|||2.2|||2.9|||65.4||||||||20|27.5|35||||0.5|0.75|1||||1.3|1.43|1.55||||1.5|1.63|1.7|2.67|1.4|2.7|4|0.16|0.19|0.22||||27.6|30.9|33.6|12.1|16.7|21.2|39|43|48|3|4.5|5.9|30|36.5|43|11|15.5|20|5|11|19|".37"|".37"|0|0|0|0|0|0|0|0|0|0|0.8|1|10|20|30||||3.8|16.7|28.8|5.1|5.6|6||||||||||4.4|7.7|11.4|||||||||||||||||||||"21856204"|"64451995"
"2BC"|2|"BC"||||61|||132|||71||0|0|0|0|0|0|100|100|100|100|100|100|90|100|100|89|99|100|0.5|1.8|3||0.1|||0.1|||0.2|||0.6|||0.8|||48.2||||||||40|50|60||||0.5|0.75|1||||1.2|1.35|1.5||||1.53|1.68|1.74|2.69|0.42|1|1.4|0.14|0.17|0.2||||30.6|33.5|36.2|21.9|27.5|33|41|46|52|6|7.5|8.9|50|57.5|65|25|32.5|40|19|30|43|".32"|".32"|0|0|0|0|0|0|0|0|0|0|0.8|1|15|25|35||||7.6|23.6|36.5|5.1|6.5|7.8||||||||||0.1|6.1|12.4|||||||||||||||||||||"21856204"|"64451996"
"2C"|2|"C"||||132|||152|||20||0|0|0|0|0|0|100|100|100|100|100|100|90|100|100|89|99|100|0.5|1.8|3||0.1|||0.1|||0.2|||0.6|||0.8|||48.2||||||||40|50|60||||0.5|0.75|1||||1.2|1.35|1.5||||1.53|1.68|1.74|2.69|0.42|1|1.4|0.14|0.17|0.2||||30.6|33.5|36.2|21.9|27.5|33|41|46|52|6|7.5|8.9|50|57.5|65|20|32.5|40|16|30|43|".32"|".32"|0|0|0|0|0|0|0|0|0|0|0.8|1|15|25|35||||8.6|23.7|36.5|5.1|6.8|8.4||||||||||0|5.2|12.4|||||||||||||||||||||"21856204"|"64451997"
"Bss"||"B"|||13|18|25|90|140|160|77|122|135|0|0|0|0|0|0|100|100|100|100|100|100|95|100|100|92|99|100|0.5|1.8|3|0|0|0|0|0|0.1|0|0.1|1|0|0.5|2|0.5|1.2|2|17|28.2|39.5|||||||60|70|80|0|0|0.2|0.5|0.75|1||||1.2|1.3|1.4||||1.51|1.61|1.68|2.65|0.01|0.21|0.42|0.14|0.17|0.2||||42.8|44.4|45.8|32|37.5|42.9|44|48|52|6|7.5|8.9|75|80|85|50|55|60|39|51|65|".20"|".20"|0|0|0|0|0|0|0|0|0|0|0|0|41.7|48.3|54.7||||10|20|30|6.1|7|7.8||||||||||3.4|6.4|9.7|||||||||||||||||||"Moderate"|"Moist"|"21856240"|"64452040"
"C"||"C"|||90|140|160|203|203|203|60|63|100|0|0|0|0|0|0|100|100|100|100|100|100|78|92|100|59|80|100|10|23.3|30|0|3.2|4|0|3.7|5|0|4.3|5|2|6.5|8|1|5.6|8|0|29.2|66.7|||||||20|47.5|75|0|0|0.2|0.5|0.75|1||||1.2|1.38|1.55||||1.53|1.71|1.78|2.65|1.4|2.7|4|0.14|0.18|0.22||||23.4|38.9|43.3|11.4|26.4|41.3|39|45|52|6|7.5|8.9|35|57.5|80|15|37.5|60|8|32|64|".20"|".20"|0|0|0|0|0|0|0|0|0|0|0|0|16.2|34.6|51.7||||10|20|30|6.1|7|7.8||||||||||0.5|4.9|9.4|||||||||||||||||||"Moderate"|"Moist"|"21856240"|"64452041"
"Ap"||"A"|||0|0|0|13|18|25|13|18|25|0|0|0|0|0|0|100|100|100|100|100|100|93|100|100|88|99|100|0.5|1.8|3|0|0|0|0|0|0.1|0|0.1|1|0|0.5|2|0.5|1.2|2|27|43.2|59.5|||||||40|55|70|0|0|0.2|1|2.5|4||||1.2|1.3|1.4||||1.51|1.61|1.68|2.65|0.42|1|1.4|0.15|0.18|0.2||||30.7|41.9|44.4|22.1|31.4|40.5|43|47|51|6|7.5|8.9|55|70|85|35|45|55|26|42|61|".24"|".24"|0|0|0|0|0|0|0|0|0|0|0|0|30.1|40.8|51||||10|20|30|6.1|7|7.8||||||||||2.3|6.2|10.3|||||||||||||||||||"Low"|"Moist"|"21856240"|"64452042"
"Ap"||"A"|||0|0|0|13|18|25|13|18|25|0|0|0|0|0|0|100|100|100|100|100|100|89|94|100|73|81|89|10|24.8|30|0|2.1|2.5|0|2.8|3|0|2.5|5|3|7.5|10|2|9.9|15|43|52.7|67.2|||||||18|22.5|27|0|0|0.2|1|2.5|4||||1.35|1.45|1.55||||1.55|1.65|1.72|2.65|1.4|8|14|0.16|0.19|0.22||||27.3|30.7|33.4|11.8|16.3|20.8|38|41|45|3|4.5|5.9|31|39|47|12|15|19|8|19|32|".43"|".43"|0|0|0|0|0|0|0|0|0|0|0|0|15.1|18.9|22.5||||10|20|30|6.1|7|7.8||||||||||0.6|3.7|7.1|||||||||||||||||||"Low"|"Moist"|"21856229"|"64452030"
"Bss"||"B"|||13|18|25|90|140|160|77|122|135|0|0|0|0|0|0|100|100|100|100|100|100|95|100|100|92|99|100|0.5|1.8|3|0|0|0|0|0|0.1|0|0.1|1|0|0.5|2|0.5|1.2|2|17|28.2|39.5|||||||60|70|80|0|0|0.2|0.5|0.75|1||||1.2|1.3|1.4||||1.51|1.61|1.68|2.65|0.01|0.21|0.42|0.14|0.17|0.2||||42.8|44.4|45.8|32|37.5|42.9|44|48|52|6|7.5|8.9|75|80|85|50|55|60|39|51|65|".20"|".20"|0|0|0|0|0|0|0|0|0|0|0|0|41.7|48.3|54.7||||10|20|30|6.1|7|7.8||||||||||3.4|6.4|9.7|||||||||||||||||||"Moderate"|"Moist"|"21856229"|"64452031"
"C"||"C"|||90|140|160|203|203|203|60|63|100|0|0|0|0|0|0|100|100|100|100|100|100|78|92|100|59|80|100|10|23.3|30|0|3.2|4|0|3.7|5|0|4.3|5|2|6.5|8|1|5.6|8|0|29.2|66.7|||||||20|47.5|75|0|0|0.2|0.5|0.75|1||||1.2|1.38|1.55||||1.53|1.71|1.78|2.65|1.4|2.7|4|0.14|0.18|0.22||||23.4|38.9|43.3|11.4|26.4|41.3|39|45|52|6|7.5|8.9|35|57.5|80|15|37.5|60|8|32|64|".20"|".20"|0|0|0|0|0|0|0|0|0|0|0|0|16.2|34.6|51.7||||10|20|30|6.1|7|7.8||||||||||0.5|4.9|9.4|||||||||||||||||||"Moderate"|"Moist"|"21856229"|"64452032"
"Cg"||"C"||||99|||183|||84||0|0|0|0|0|0|100|100|100|100|100|100|100|100|100|75|87.5|100|0.5|6.8|60||0|||0|||0.2|||1.9|||4.7|||66.7||||||||14|26.5|42||||0.5|0.75|1||||1.35|1.5|1.65|||||1.57|||1.4|8|14|0.2|0.22|0.23|||||31|||16.9|||40||0|1.5|2.9|23|34|45|3|13|23|0|11|25|".49"|".49"|0|0|0|0|0|0|0|0|0|0|0|0|10|25|40||||15|22.5|30|6.6|7.5|8.4|||||||||||||||||||||||||||||||||"21856242"|"64452043"
"Bg"||"B"||||36|||99|||63||0|0|0|0|0|0|100|100|100|100|100|100|100|100|100|85|92.5|100|0.5|6.8|35||0|||0|||0.2|||1.9|||4.7|||66.7||||||||14|26.5|39||||0.5|0.75|1||||1.35|1.5|1.65|||||1.71|||1.4|2.7|4|0.2|0.21|0.22|||||31|||16.9|||40||3|4.5|5.9|32|38.5|45|11|17|23|8|16|25|".49"|".49"|0|0|0|0|0|0|0|0|0|0|0|0|10|20|30||||15|22.5|30|6.1|7.3|8.4|||||||||||||||||||||||||||||||||"21856242"|"64452044"
"A"||"A"||||0|||36|||36||0|0|0|0|0|0|100|100|100|100|100|100|100|100|100|75|87.5|100|1|11.4|||0.1|||0.4|||0.9|||3.4|||6.6|||68.1||||||||14|20.5|27||||0.5|2.25|4||||1.35|1.5|1.65|||||1.57|||4|9|14|0.21|0.22|0.23|||||30|||15.4|||40||0|1.5|2.9|15|22.5|30|0|5|10|0|2|9|".43"|".43"|0|0|0|0|0|0|0|0|0|0|0|0|5|10|15||||15|22.5|30|5.6|7|8.4|||||||||||||||||||||||||||||||||"21856242"|"64452045"
"Cg2"||"C"||2||99|||183|||84||0|0|0|0|0|0|100|100|100|100|100|100|100|100|100|75|87.5|100|0.5|6.8|60||0|||0|||0.2|||1.9|||4.7|||66.7||||||||14|26.5|42||||0.5|0.75|1||||1.35|1.5|1.65|||||1.57|||1.4|8|14|0.2|0.22|0.23|||||31|||16.9|||40||0|1.5|2.9|23|34|45|3|13|23|0|11|25|".49"|".49"|0|0|0|0|0|0|0|0|0|0|0|0|10|25|40||||15|22.5|30|6.6|7.5|8.4|||||||||||||||||||||||||||||||||"21856220"|"64452018"
"Bg1"||"B"||1||36|||99|||63||0|0|0|0|0|0|100|100|100|100|100|100|100|100|100|85|92.5|100|0.5|6.8|35||0|||0|||0.2|||1.9|||4.7|||66.7||||||||14|26.5|39||||0.5|0.75|1||||1.35|1.5|1.65|||||1.71|||1.4|2.7|4|0.2|0.21|0.22|||||31|||16.9|||40||3|4.5|5.9|32|38.5|45|11|17|23|8|16|25|".49"|".49"|0|0|0|0|0|0|0|0|0|0|0|0|10|20|30||||15|22.5|30|6.1|7.3|8.4|||||||||||||||||||||||||||||||||"21856220"|"64452019"
"A"||"A"||||0|||36|||36||0|0|0|0|0|0|100|100|100|100|100|100|100|100|100|75|87.5|100|1|11.4|||0.1|||0.4|||0.9|||3.4|||6.6|||68.1||||||||14|20.5|27||||0.5|2.25|4||||1.35|1.5|1.65|||||1.57|||4|9|14|0.21|0.22|0.23|||||30|||15.4|||40||0|1.5|2.9|15|22.5|30|0|5|10|0|2|9|".43"|".43"|0|0|0|0|0|0|0|0|0|0|0|0|5|10|15||||15|22.5|30|5.6|7|8.4|||||||||||||||||||||||||||||||||"21856220"|"64452020"
"C2"||"C"||2||71|||163|||92||0|0|0|0|0|0|100|100|100|100|100|100|100|100|100|70|80|90||66.1|||0|||2.4|||14.2|||33.1|||16.4|||13.9||||||||2|20|28||||0.5|0.75|1||||1.4|1.5|1.6|||||1.71|||4|9|14|0.53|0.56|0.58|||||28.3|||13|||40||3|4.5|5.9|20|30|45|0|5|10|0|3|12|".15"|".15"|0|0|0|0|0|0|0|0|0|0|0|0|1|10.5|20||||0|2|4|5.1|6.8|8.4|||||||||||||||||||||||||||||||||"21856219"|"64452014"
"C1"||"C"||1||13|||71|||58||0|0|0|0|0|0|100|100|100|100|100|100|60|70|80|10|20|30||93.6|||0.7|||12.8|||36.2|||36.9|||7|||1.4||||||||2|5|8||||0.5|0.75|1||||1.4|1.5|1.6|||||1.57|||42|92|141|0.05|0.1|0.15||14.7|||10.8|||4.1|||40||0|1.5|2.9|0|7|14|0|0|0|0|0|0|".02"|".02"|0|0|0|0|0|0|0|0|0|0|0|0|1|4.5|8||||0|2|4|5.1|6.8|8.4|||||||||||||||||||||||||||||||||"21856219"|"64452015"
"C3"||"C"||3||163|||183|||20||0|0|0|0|0|0|100|100|100|100|100|100|100|100|100|95|97.5|100||8.6|||0.3|||0.5|||1|||2.7|||4.1|||51.4||||||||2|40|45||||0.5|0.75|1||||1.4|1.5|1.6|||||1.86|||0.42|0.9|1.4|0.46|0.48|0.5|||||31|||22.6|||40||6|7.5|8.9|30|48|55|10|26|30|9|28|34|".28"|".28"|0|0|0|0|0|0|0|0|0|0|0|0|1|15.5|30||||0|2|4|5.1|6.8|8.4|||||||||||||||||||||||||||||||||"21856219"|"64452016"
"A"||"A"||||0|||13|||13||0|0|0|0|0|0|100|100|100|100|100|100|50|62.5|75|15|22.5|30||84.9|||3.2|||13.4|||22.3|||29.4|||16.6|||9.1||||||||4|6|8||||0.5|1.25|2||||1.4|1.5|1.6|||||1.57|||42|92|141|0.15|0.2|0.25||20.4|||14.9|||5.4|||40||0|1.5|2.9|0|7|14|0|0|0|0|0|0|".10"|".10"|0|0|0|0|0|0|0|0|0|0|0|0|3|5|8||||0|2|4|5.1|6.8|8.4|||||||||||||||||||||||||||||||||"21856219"|"64452017"
"A"||"A"||||0|||13|||13||0|0|0|0|0|0|100|100|100|100|100|100|95|97.5|100|90|92.5|95|0.5|1.8|3||0|||0|||0.1|||0.5|||1.2|||48.2||||||||40|50|60||||1|2|3||||1.4|1.45|1.5|||||1.8|||0.42|1|1.4|0.15|0.18|0.2|||||35.4|||31.3|||42||6|7.5|8.9|51|58|65|28|34|40|27|35|43|".20"|".20"|0|0|0|0|0|0|0|0|0|0|0|0|25|35|45||||10|20|30|5.6|6.5|7.3|||||||||||||||||||||||||||||||||"21856217"|"64452010"
"C2"||"C"||2||76|||127|||51||0|0|0|0|0|0|100|100|100|100|100|100|80|90|100|30|60|90||68|||0.1|||3.2|||15.4|||32.6|||16.7|||16||||||||7|16|25||||0|0.25|0.5||||1.5|1.53|1.55|||||1.6|||4|9|14|0.15|0.19|0.22|||||19.8|||10.2|||40||0|1.5|2.9|20|25|30|3|6.5|10|0|1|8|".28"|".28"|0|0|0|0|0|0|0|0|0|0|0|0|5|11.5|18||||10|20|30|6.1|7.3|8.4|||||||||||||||||||||||||||||||||"21856217"|"64452011"
"Bw"||"B"||||13|||46|||33||0|0|0|0|0|0|100|100|100|100|100|100|95|97.5|100|90|92.5|95||23.3|||3.2|||3.7|||4.3|||6.5|||5.6|||29.2||||||||35|47.5|60||||0|0.25|0.5||||1.4|1.45|1.5|||||1.8|||0.42|1|1.4|0.15|0.18|0.2|||||33.7|||27.8|||42||6|7.5|8.9|51|58|65|28|34|40|27|35|43|".24"|".24"|0|0|0|0|0|0|0|0|0|0|0|0|22|31|40||||10|20|30|5.6|6.5|7.3|||||||||||||||||||||||||||||||||"21856217"|"64452012"
"C1"||"C"||1||46|||76|||30||0|0|0|0|0|0|100|100|100|100|100|100|90|95|100|70|80|90||29.1|||2.4|||3.4|||4.8|||9.1|||9.4|||53.4||||||||10|17.5|25||||0|0.25|0.5||||1.5|1.53|1.55|||||1.6|||1.4|2.7|4|0.19|0.21|0.22|||||26.7|||11.1|||40||0|1.5|2.9|25|30|35|3|7.5|12|0|5|11|".49"|".49"|0|0|0|0|0|0|0|0|0|0|0|0|7|12.5|18||||10|20|30|6.1|7.3|8.4|||||||||||||||||||||||||||||||||"21856217"|"64452013"
"C"||"C"||||140|||183|||43||0|0|0|0|0|0|100|100|100|100|100|100|95|97.5|100|70|82.5|95|10|23.3|30|0|3.2|4|0|3.7|5|0|4.3|5|2|6.5|8|1|5.6|8|0|29.2|66.7|||||||20|47.5|75||||0.5|0.75|1||||1.2|1.38|1.55||||1.53|1.71|1.78||1.4|2.7|4|0.14|0.18|0.22||||23.4|38.9|43.3|11.4|26.4|41.3|39|45|52|6|7.5|8.9|35|57.5|80|15|37.5|60|8|32|64|".20"|".20"|0|0|0|0|0|0|0|0|0|0|0|0|10|20|30||||10|20|30|6.1|7|7.8||||||||||0|3.2|6.9|||||||||||||||||||||"21856216"|"64452007"
"Bss"||"B"||||18|||140|||122||0|0|0|0|0|0|100|100|100|100|100|100|95|97.5|100|75|85|95|0.5|1.8|3|0|0|0|0|0|0.1|0|0.1|1|0|0.5|2|0.5|1.2|2|17|28.2|39.5|||||||60|70|80||||0.5|0.75|1||||1.2|1.3|1.4||||1.51|1.61|1.68||0.01|0.21|0.42|0.14|0.17|0.2||||42.8|44.4|45.8|32|37.5|42.9|44|48|52|6|7.5|8.9|75|80|85|50|55|60|39|51|65|".20"|".20"|0|0|0|0|0|0|0|0|0|0|0|0|15|22.5|30||||10|20|30|6.1|7|7.8||||||||||0.4|3.5|6.9|||||||||||||||||||||"21856216"|"64452008"
"A"||"A"||||0|||18|||18||0|0|0|0|0|0|100|100|100|100|100|100|95|97.5|100|75|85|95|0.5|1.8|3|0|0|0|0|0|0.1|0|0.1|1|0|0.5|2|0.5|1.2|2|27|43.2|59.5|||||||40|55|70||||1|2.5|4||||1.2|1.3|1.4||||1.51|1.61|1.68||0.42|1|1.4|0.15|0.18|0.2||||30.7|41.9|44.4|22.1|31.4|40.5|43|47|51|6|7.5|8.9|55|70|85|35|45|55|26|42|61|".24"|".24"|0|0|0|0|0|0|0|0|0|0|0|0|15|20|25||||10|20|30|6.1|7|7.8||||||||||0.6|3.9|7.4|||||||||||||||||||||"21856216"|"64452009"
"C"||"C"||||15|||127|||112||0|0|0|0|0|0|100|100|100|95|97.5|100|75|85|95|30|47.5|65||68.5|||0.3|||4.7|||15.2|||29.8|||18.5|||21.5||||||||5|10|15||||0.5|0.75|1||||1.5|1.55|1.6|||||1.62|||4|23|42|0.14|0.16|0.18|||||17.6|||8|||38||0|1.5|2.9|15|20|25|0|1.5|3|0|0|0|".32"|".32"|0|0|0|0|0|0|0|0|0|0|0|0|4.6|8.8|12.8||||2|6|10|6.1|7.3|8.4|||||||||||||||||||||||||||||||||"21856214"|"64452005"
"A"||"A"||||0|||15|||15||0|0|0|0|0|0|100|100|100|95|97.5|100|85|90|95|35|57.5|80||36.3|||3|||4.3|||6|||11.4|||11.6|||57.7||||||||2|6|10||||0.5|1.25|2||||1.4|1.45|1.5|||||1.52|||14|28|42|0.15|0.19|0.22|||||20.3|||5.2|||41||0|1.5|2.9|15|20|25|0|1.5|3|0|0|1|".49"|".49"|0|0|0|0|0|0|0|0|0|0|0|0|2|5.7|9.1||||2|6|10|6.1|7.3|8.4|||||||||||||||||||||||||||||||||"21856214"|"64452006"
"C"||"C"||||109|||127|||18||0|0|0|0|0|0|100|100|100|100|100|100|85|92.5|100|40|62.5|85||67.5|||0.3|||4.7|||15|||29.3|||18.2|||21||||||||8|11.5|15|0||0|0|0.25|0.5||||1.4|1.45|1.5|||||1.52|||14|28|42|0.07|0.11|0.15|||||16.7|||7|||42||0|1.5|2.9|15|20|25|0|2|4|0|0|2|".32"|".32"|0|0|0|0|0|0|0|0|0|0|0|0|4.1|6.1|8|||||||5.1|5.6|6|||||||||||||||||||||||||||||||||"21856179"|"64451967"
"AB"||"AB"||||15|||46|||31||0|0|0|0|0|0|100|100|100|100|100|100|90|95|100|70|82.5|95||44.1|||0|||0.1|||0.6|||7.9|||35.5|||44.4||||||||8|11.5|15|0|||0|0.25|0.5||||1.4|1.45|1.5|||||1.52|||4|9|14|0.15|0.18|0.2|||||22.8|||7|||42||0|1.5|2.9|15|20|25|0|3|6|0|0|4|".55"|".55"|0|0|0|0|0|0|0|0|0|0|0|0|4.1|6.1|8|||||||5.1|5.6|6|||||||||||||||||||||||||||||||||"21856179"|"64451968"
"Bt"||"B"||||46|||109|||63||0|0|0|0|0|0|100|100|100|100|100|100|95|97.5|100|85|92.5|100||20.7|||0.1|||0.4|||1.2|||5.7|||13.3|||67.3||||||||8|12|16|0|||0|0.25|0.5||||1.4|1.45|1.5|||||1.52|||4|9|14|0.15|0.18|0.2|||||23.1|||7.3|||42||0|1.5|2.9|15|22.5|30|0|3.5|7|0|1|7|".55"|".55"|0|0|0|0|0|0|0|0|0|0|0|0|4.1|6.3|8.5|||||||5.1|5.6|6|||||||||||||||||||||||||||||||||"21856179"|"64451969"
"Ap"||"A"||||0|||15|||15||0|0|0|0|0|0|100|100|100|100|100|100|90|95|100|70|82.5|95||20.8|||0.1|||0.4|||1.2|||5.7|||13.4|||67.7||||||||8|11.5|15|0|0|0|0.5|1.25|2||||1.4|1.45|1.5|||||1.52|||4|9|14|0.15|0.18|0.2|||||24.2|||8.4|||42||0|1.5|2.9|15|20|25|0|3|6|0|0|4|".49"|".49"|0|0|0|0|0|0|0|0|0|0|0|0|4.3|6.2|8.2|||||||5.1|5.6|6|||||||||||||||||||||||||||||||||"21856179"|"64451970"
"C"||"C"||||114|||183|||69||0|0|0|0|0|0|100|100|100|95|97.5|100|65|82.5|100|51|75.5|100||91|||1.2|||13.2|||28.7|||34.6|||13.3|||1||||||||5|8|32|0|||0|0.25|0.5||||1.4|1.45|1.5|||||1.52|||0.42|7|14|0.1|0.16|0.22||25.4|||21.4|||12.3|||41||0|1.5|2.9|15|27.5|40|0|10|20|0|5|21|".15"|".15"|0|0|0|0|0|0|0|0|0|0|0|0|4|11|18|||||||5.6|7|8.4|||||||||||||||||||||||||||||||||"21856176"|"64451963"
"CB"||"CB"||||97|||114|||17||0|0|0|0|0|0|100|100|100|95|97.5|100|65|82.5|100|51|75.5|100||26.3|||2.1|||3|||4.3|||8.2|||8.7|||52.7||||||||10|21|32|0|||0|0.25|0.5||||1.4|1.45|1.5|||||1.52|||0.42|7|14|0.1|0.16|0.22|||||27.5|||12.3|||41||0|1.5|2.9|15|27.5|40|0|10|20|0|5|21|".43"|".43"|0|0|0|0|0|0|0|0|0|0|0|0|4|11|18|||||||5.6|7|8.4|||||||||||||||||||||||||||||||||"21856176"|"64451964"
"Bg"||"B"||||13|||97|||84||0|0|0|0|0|0|100|100|100|98|99|100|95|97.5|100|90|95|100||3|||0|||0|||0|||0.7|||2.3|||42||||||||35|55|75|0|||0.5|0.75|1||||1.45|1.5|1.55|||||1.87|||0.01|0.21|0.42|0.15|0.18|0.2|||||28.5|||33.7|||40||6|7.5|8.9|50|71|92|25|43.5|62|25|48|74|".28"|".28"|0|0|0|0|0|0|0|0|0|0|0|0|18|28|38|||||||5.6|6.7|7.8|||||||||||||||||||||||||||||||||"21856176"|"64451965"
"Ap"||"A"||||0|||13|||13||0|0|0|0|0|0|100|100|100|98|99|100|95|97.5|100|90|95|100|0.5|1.8|3||0|||0|||0.1|||0.5|||1.2|||40.7||||||||40|57.5|75|0|||1|2|3||||1.45|1.5|1.55|||||1.87|||0.01|0.21|0.42|0.15|0.18|0.2|||||18.9|||36.6|||39||6|7.5|8.9|50|71|92|25|43.5|62|25|48|74|".24"|".24"|0|0|0|0|0|0|0|0|0|0|0|0|20|32.5|45|||||||5.6|6.7|7.8|||||||||||||||||||||||||||||||||"21856176"|"64451966"
"C"||"C"||||114|||183|||69||0|0|0|0|0|0|100|100|100|95|97.5|100|65|82.5|100|51|75.5|100||91|||1.2|||13.2|||28.7|||34.6|||13.3|||1||||||||5|8|32|0|||0|0.25|0.5||||1.4|1.45|1.5|||||1.52|||0.42|7|14|0.1|0.16|0.22||25.4|||21.4|||12.3|||41||0|1.5|2.9|15|27.5|40|0|10|20|0|5|21|".15"|".15"|0|0|0|0|0|0|0|0|0|0|0|0|4|11|18|||||||5.6|7|8.4|||||||||||||||||||||||||||||||||"21856174"|"64451959"
"CB"||"CB"||||97|||114|||17||0|0|0|0|0|0|100|100|100|95|97.5|100|65|82.5|100|51|75.5|100||26.3|||2.1|||3|||4.3|||8.2|||8.7|||52.7||||||||10|21|32|0|||0|0.25|0.5||||1.4|1.45|1.5|||||1.52|||0.42|7|14|0.1|0.16|0.22|||||27.5|||12.3|||41||0|1.5|2.9|15|27.5|40|0|10|20|0|5|21|".43"|".43"|0|0|0|0|0|0|0|0|0|0|0|0|4|11|18|||||||5.6|7|8.4|||||||||||||||||||||||||||||||||"21856174"|"64451960"
"Bg"||"B"||||13|||97|||84||0|0|0|0|0|0|100|100|100|98|99|100|95|97.5|100|90|95|100||3|||0|||0|||0|||0.7|||2.3|||42||||||||35|55|75|0|||0.5|0.75|1||||1.45|1.5|1.55|||||1.87|||0.01|0.21|0.42|0.15|0.18|0.2|||||28.5|||33.7|||40||6|7.5|8.9|50|71|92|25|43.5|62|25|48|74|".28"|".28"|0|0|0|0|0|0|0|0|0|0|0|0|18|28|38|||||||5.6|6.7|7.8|||||||||||||||||||||||||||||||||"21856174"|"64451961"
"Ap"||"A"||||0|||13|||13||0|0|0|0|0|0|100|100|100|98|99|100|95|97.5|100|90|95|100|0.5|1.8|3||0|||0|||0.1|||0.5|||1.2|||40.7||||||||40|57.5|75|0|||1|2|3||||1.45|1.5|1.55|||||1.87|||0.01|0.21|0.42|0.15|0.18|0.2|||||18.9|||36.6|||39||6|7.5|8.9|50|71|92|25|43.5|62|25|48|74|".24"|".24"|0|0|0|0|0|0|0|0|0|0|0|0|20|32.5|45|||||||5.6|6.7|7.8|||||||||||||||||||||||||||||||||"21856174"|"64451962"
"Bssyg"||"B"||||76|||183|||107||0|0|0|0|0|0|100|100|100|100|100|100|100|100|100|95|97.5|100|5|16.2|25|0|1.5|2|0|2|3|0|2.7|5|2|5|7|1|5|8|0|26.3|68.8|||||||25|57.5|90|0|||0|0.25|0.5||||1.2|1.45|1.7||||1.55|1.8|1.87||0.42|1|1.4|0.12|0.17|0.22||||25.2|39.1|43.5|13.6|31.6|39.2|34|43|52|6|7.5|8.9|32|58.5|85|11|30.5|50|10|35|61|".20"|".20"|0|3|5|0|0|0|0|0|0|0|0|0|5|22.5|40||||35|38|45|6.6|7.5|8.4||||||||||0|5|18.3|||||||||||||||||||||"21856191"|"64451982"
"Bssg"||"B"||||13|||76|||63||0|0|0|0|0|0|100|100|100|100|100|100|100|100|100|95|97.5|100|0.5|1.8|3|0|0|0|0|0|0.1|0|0.1|1|0|0.5|2|0.5|1.2|2|7|23.2|39.5|||||||60|75|90|0|||0|0.25|0.5||||1.2|1.35|1.5||||1.88|1.98|2.01||0.01|0.21|0.42|0.07|0.11|0.14||||39|44|46|32|40.2|41.4|41|46|52|9|17|25|56|70.5|85|30|40|50|32|46|61|".17"|".17"|0|3|5|0|0|0|0|0|0|0|0|0|20|30|40||||35|38|45|5.6|7|8.4||||||||||0|11.2|23.3|||||||||||||||||||||"21856191"|"64451983"
"Ap"||"A"||||0|||13|||13||0|0|0|0|0|0|100|100|100|100|100|100|100|100|100|95|97.5|100|15|27.1|35|0|2.2|2.5|0|3.1|4|0|4.4|5|3|8.5|10|2|8.9|10|35.9|54.4|72.9|||||||10|18.5|27|0|||0.5|2.25|4||||1.3|1.48|1.65||||1.37|1.55|1.72||4|9|14|0.21|0.22|0.23||||22.3|29.1|33.6|6.6|14|21.3|34|40|47|0|1.5|2.9|15|21|27|0|5|10|0|2|8|".49"|".49"|0|0|0|0|0|0|0|0|0|0|0|0|5|7.5|10||||25|32|35|5.1|6.8|8.4||||||||||0|1.9|12.3|||||||||||||||||||||"21856191"|"64451984"
"Ap"||"A"||||0|||18|||18||0|0|0|0|0|0|100|100|100|100|100|100|100|100|100|90|95|100|1|13.6|35||0.1|||0.4|||1|||3.9|||8.2|||68.9||||||||8|17.5|27||||0.5|1.25|2||||1.3|1.5|1.7||||1.37|1.57|1.77|2.65|4|9|14|0.21|0.22|0.23||||20.9|27.7|32.3|5.5|12.2|18.9|33|40|48|0|1.5|2.9|15|23|31|0|5|10|0|2|10|".49"|".49"|0|0|0|0|0|0|0|0|0|0|0.5|0.9|4|9.5|15||||1.8|7|12.7|5.1|5.6|6||||||||||3.1|5.9|9|||||||||||||||||||||"21856184"|"64451975"
"Bt"||"B"||||18|||84|||66||0|0|0|0|0|0|100|100|100|100|100|100|100|100|100|90|95|100|0.5|9|25||0.1|||0.3|||0.7|||2.7|||5.2|||64.5||||||||18|26.5|35||||0.5|0.75|1||||1.3|1.5|1.7||||1.51|1.71|1.78|2.66|4|9|14|0.2|0.21|0.22||||27.1|31|34.2|11.5|16.9|22.3|33|41|48|3|4.5|5.9|28|34|40|8|12.5|17|6|12|18|".49"|".49"|0|0|0|0|0|0|0|0|0|0|0.5|0.9|5|15|25||||2.1|11.9|24.4|5.1|5.6|6||||||||||3.3|6.7|10.4|||||||||||||||||||||"21856184"|"64451976"
"BC"||"BC"||||84|||137|||53||0|0|0|0|0|0|100|100|100|100|100|100|100|100|100|90|95|100|0.5|9|25||0.1|||0.3|||0.7|||2.7|||5.2|||64.5||||||||18|26.5|35||||0.5|0.75|1||||1.3|1.5|1.7||||1.51|1.71|1.78|2.66|4|9|14|0.2|0.21|0.22||||27.1|31|34.2|11.5|16.9|22.3|33|41|48|3|4.5|5.9|28|34|40|8|12.5|17|6|12|18|".49"|".49"|0|0|0|0|0|0|0|0|0|0|0.5|0.9|5|15|25||||2.1|11.9|24.4|5.1|5.6|6||||||||||3.3|6.7|10.4|||||||||||||||||||||"21856184"|"64451977"
"C"||"C"||||137|||203|||66||0|0|0|0|0|0|100|100|100|100|100|100|100|100|100|75|87.5|100|1|13.6|35||0.1|||0.4|||1|||3.9|||8.2|||68.9||||||||8|17.5|27||||0|0.25|0.5||||1.3|1.5|1.7||||1.37|1.57|1.77|2.67|4|9|14|0.18|0.2|0.22||||19.9|26.5|31|4.8|10.8|16.9|34|41|48|0|1.5|2.9|23|34|45|4|12.5|21|1|10|23|".55"|".55"|0|3|5|0|0|0|0|0|0|0|0.5|0.9|5|15|25||||2.4|43.1|58.3|4.5|5.8|8.4||||||||||0.1|5.8|11.8|||||||||||||||||||||"21856184"|"64451978"
"Ap"||"A"||||0|||18|||18||0|0|0|0|0|0|100|100|100|100|100|100|100|100|100|90|95|100|1|13.6|35||0.1|||0.4|||1|||3.9|||8.2|||68.9||||||||8|17.5|27||||0.5|1.25|2||||1.3|1.5|1.7||||1.37|1.57|1.77|2.65|4|9|14|0.21|0.22|0.23||||20.9|27.7|32.3|5.5|12.2|18.9|33|40|48|0|1.5|2.9|15|23|31|0|5|10|0|2|10|".49"|".49"|0|0|0|0|0|0|0|0|0|0|0.5|0.9|4|9.5|15||3||1.8|7|12.7|5.1|5.6|6||||||||||3.1|5.9|9|||||||||||||||||||||"21856182"|"64451971"
"Bt"||"B"||||18|||84|||66||0|0|0|0|0|0|100|100|100|100|100|100|100|100|100|90|95|100|0.5|9|25||0.1|||0.3|||0.7|||2.7|||5.2|||64.5||||||||18|26.5|35||||0.5|0.75|1||||1.3|1.5|1.7||||1.51|1.71|1.78|2.66|4|9|14|0.2|0.21|0.22||||27.1|31|34.2|11.5|16.9|22.3|33|41|48|3|4.5|5.9|28|34|40|8|12.5|17|6|12|18|".49"|".49"|0|0|0|0|0|0|0|0|0|0|0.5|0.9|5|15|25||3||2.1|11.9|24.4|5.1|5.6|6||||||||||3.3|6.7|10.4|||||||||||||||||||||"21856182"|"64451972"
"BC"||"BC"||||84|||137|||53||0|0|0|0|0|0|100|100|100|100|100|100|100|100|100|90|95|100|0.5|9|25||0.1|||0.3|||0.7|||2.7|||5.2|||64.5||||||||18|26.5|35||||0.5|0.75|1||||1.3|1.5|1.7||||1.51|1.71|1.78|2.66|4|9|14|0.2|0.21|0.22||||27.1|31|34.2|11.5|16.9|22.3|33|41|48|3|4.5|5.9|28|34|40|8|12.5|17|6|12|18|".49"|".49"|0|0|0|0|0|0|0|0|0|0|0.5|0.9|5|15|25||7||2.1|11.9|24.4|5.1|5.6|6||||||||||3.3|6.7|10.4|||||||||||||||||||||"21856182"|"64451973"
"C"||"C"||||137|||203|||66||0|0|0|0|0|0|100|100|100|100|100|100|100|100|100|75|87.5|100|1|13.6|35||0.1|||0.4|||1|||3.9|||8.2|||68.9||||||||8|17.5|27||||0|0.25|0.5||||1.3|1.5|1.7||||1.37|1.57|1.77|2.67|4|9|14|0.18|0.2|0.22||||19.9|26.5|31|4.8|10.8|16.9|34|41|48|0|1.5|2.9|23|34|45|4|12.5|21|1|10|23|".55"|".55"|0|3|5|0|0|0|0|0|0|0|0.5|0.9|5|15|25||10||2.4|43.1|58.3|4.5|5.8|8.4||||||||||0.1|5.8|11.8|||||||||||||||||||||"21856182"|"64451974"
"E"||"E"||||18|||36|||18||0|0|0|0|0|0|100|100|100|100|100|100|100|100|100|75|87.5|100|7|14.3|20|0.1|0.6|0.7|0.2|0.9|1|0.5|1.1|1.2|2.1|3|5.5|4.1|8.7|12.8|61.2|73.2|80|||||||8|12.5|19|0|0|0|0.5|1|1.5||||1.3|1.48|1.65||||1.37|1.55|1.72|2.65|4|9|14|0.15|0.18|0.2||||22.3|27.8|31.7|6.6|12.3|18|35|41|48|0.6|1.5|2.9|15|21|27|0|3.5|7|0|0|6|".55"|".55"|0|0|0|0|0|0|0|0|0|0|0.1|2|4|9.5|15||||1.2|7.2|15|4.5|5.9|7.3||||||||||0|4.9|10.4|||||||||||||||||||||"21856262"|"64452069"
"Ap"||"A"||||0|||18|||18||0|0|0|0|0|0|100|100|100|100|100|100|100|100|100|75|87.5|100|7|14.3|20|0.1|0.6|0.7|0.2|0.9|1|0.5|1.1|1.2|2.1|3|5.5|4.1|8.7|12.8|61.2|73.2|80|||||||8|12.5|19|0|0|0|0.5|1.25|2||||1.3|1.48|1.65||||1.37|1.55|1.72|2.65|4|9|14|0.15|0.18|0.2||||22.3|28|32.1|6.6|12.7|18.6|35|41|48|0.6|1.5|2.9|15|21|27|0|3.5|7|0|0|6|".43"|".43"|0|0|0|0|0|0|0|0|0|0|0.1|2|4|9.5|15||||1.3|7.8|15|4.5|5.9|7.3||||||||||0|5|10.7|||||||||||||||||||||"21856262"|"64452070"
"Bt"||"B"||||36|||92|||56||0|0|0|0|0|0|100|100|100|100|100|100|100|100|100|85|92.5|100|5|7|18|0|0.3|0.9|0|0.4|1.5|0.1|0.5|2.4|0|1.5|5.7|3.5|4.3|7.5|49|64|77|||||||18|29|35|0|0|0|0.5|0.75|1||||1.3|1.5|1.7||||1.51|1.71|1.78|2.67|1.4|2.7|4|0.15|0.18|0.2||||24.9|31.6|34.2|9.1|17.8|22.3|33|41|48|0.6|2.8|4.9|31|38|45|11|16.5|22|8|15|24|".49"|".49"|0|0|0|0|0|0|0|0|0|0|0.1|2|4|14.5|25|5.3|9.4|12.3|1.1|11.4|22.7|4.5|5.5|6.5||||||||||1.7|6.9|12.1|||||||||||||||||||||"21856262"|"64452071"
"BC"||"BC"||||92|||133|||41||0|0|0|0|0|0|100|100|100|100|100|100|90|95|100|60|80|100|7|14.3|20|0.1|0.6|0.7|0.2|0.9|1|0.5|1.1|1.2|2.1|3|5.5|4.1|8.7|12.8|61.2|73.2|80|||||||8|12.5|19|0|0|0|0|0.25|0.5||||1.3|1.5|1.7||||1.37|1.57|1.77|2.67|4|9|14|0.15|0.18|0.2||||21.5|28.9|33.9|6|13.8|21.6|34|41|48|0.6|2.4|4.9|22|31|40|3|10.5|18|0|7|19|".49"|".49"|0|0|0|0|0|0|0|0|0|0|0.1|2|4|14.5|25||||2.1|13.3|26.5|5.1|6.5|7.8||||||||||0|3.6|10.1|||||||||||||||||||||"21856262"|"64452072"
"C"||"C"||||133|||203|||70||0|0|0|0|0|0|100|100|100|100|100|100|90|95|100|60|80|100|7|14.3|20|0.1|0.6|0.7|0.2|0.9|1|0.5|1.1|1.2|2.1|3|5.5|4.1|8.7|12.8|61.2|73.2|80|||||||8|12.5|19|0|0|0|0|0.25|0.5||||1.3|1.5|1.7||||1.37|1.57|1.77|2.67|4|9|14|0.15|0.18|0.2||||21.5|28.9|33.9|6|13.8|21.6|34|41|48|0.6|2.4|4.9|22|31|40|3|10.5|18|0|7|19|".49"|".49"|0|0|0|0|0|0|0|0|0|0|0.1|2|4|14.5|25||||3|13|25|5.1|6.5|7.8||||||||||0|3.6|10.1|||||||||||||||||||||"21856262"|"64452073"
"A"||"A"||||0|||13|||13||0|0|0|0|0|0|100|100|100|100|100|100|100|100|100|90|95|100|0.5|6.7|15||0|||0|||0.2|||1.9|||4.6|||60.8||||||||27|32.5|38|0|||0.5|1.25|2||||1.3|1.5|1.7||||1.51|1.71|1.78|2.58|4|9|14|0.18|0.2|0.21||||31|33.6|35.8|16.9|21.1|25.3|33|40|48|3|4.5|5.9|34|37|40|15|17.5|20|13|17|21|".37"|".37"|0|0|0|0|0|0|0|0|0|0|0|0|8|16.5|25||||4|7|10|5.6|6.5|7.3||||||||||0|7.4|16.5|||||||||||||||||||||"21856188"|"64451979"
"C"||"C"||||58|||183|||125||0|0|0|0|0|0|100|100|100|100|100|100|100|100|100|70|85|100|1|11.4|||0.1|||0.4|||0.9|||3.4|||6.6|||68.6||||||||10|20|30|0|||0|0.25|0.5||||1.3|1.48|1.65||||1.37|1.55|1.72|2.62|4|9|14|0.14|0.19|0.23||||21.4|27.6|32|5.9|12.2|18.4|36|42|48|0|1.5|2.9|15|27.5|40|0|10|20|0|6|21|".55"|".55"|0|0|0|0|0|0|0|0|0|0|0|0|5|15|25||||5|15|25|6.6|7.5|8.4||||||||||0|1.3|10.8|||||||||||||||||||||"21856188"|"64451980"
"Bw"||"B"||||13|||58|||45||0|0|0|0|0|0|100|100|100|100|100|100|100|100|100|90|95|100|0.5|7.4|||0.4|||0.6|||1|||2.3|||3.1|||65.1||||||||18|27.5|30|0|||0.5|0.75|1||||1.3|1.48|1.65||||1.51|1.69|1.76|2.6|4|9|14|0.18|0.21|0.23||||27|31.3|32.4|11.3|17.3|19.1|35|41|48|3|4.5|5.9|28|34|40|12|16|20|9|15|21|".43"|".43"|0|0|0|0|0|0|0|0|0|0|0|0|5|15|25||||4|14|25|6.1|7.3|8.4||||||||||0|2.5|13.5|||||||||||||||||||||"21856188"|"64451981"
"C1"||"C"||1||13|||38|||25||0|0|0|0|0|0|100|100|100|100|100|100|100|100|100|95|97.5|100|0.5|1.8|3||0|||0|||0.1|||0.5|||1.2|||50.7||||||||40|47.5|55||||0.5|0.75|1||||1.2|1.4|1.6|||||1.74|||0.42|1|1.4|0.12|0.16|0.2|||||33.5|||27.5|||44||6|7.5|8.9|45|55|65|22|28.5|35|23|32|42|".32"|".32"|0|0|0|0|0|0|0|0|0|0|0|0|20.4|27|33.7||||2|6|10|5.6|6.7|7.8|||||||||||||||||||||||||||||||||"21856167"|"64451956"
"C2"||"C"||2||38|||183|||145||0|0|0|0|0|0|100|100|100|100|100|100|95|97.5|100|85|92.5|100||20|||0|||0|||0.6|||6.9|||12.5|||61||||||||10|19|28||||0.5|0.75|1||||1.3|1.48|1.65|||||1.55|||1.4|8|14|0.2|0.21|0.22|||||27.7|||12.3|||42||0|1.5|2.9|25|30|35|5|10|15|2|8|15|".49"|".49"|0|0|0|0|0|0|0|0|0|0|0|0|6.2|12.3|18.8||||2|6|10|5.1|6.8|8.4|||||||||||||||||||||||||||||||||"21856167"|"64451957"
"A"||"A"||||0|||13|||13||0|0|0|0|0|0|100|100|100|100|100|100|100|100|100|95|97.5|100|0.5|1.8|3||0|||0|||0.1|||0.5|||1.2|||50.7||||||||40|47.5|55||||0.5|2.25|4||||1.2|1.35|1.5|||||1.68|||0.42|1|1.4|0.12|0.16|0.2|||||33.9|||28.1|||45||6|7.5|8.9|45|55|65|22|28.5|35|23|32|42|".28"|".28"|0|0|0|0|0|0|0|0|0|0|0|0|20.4|38.8|53.2||||2|6|10|5.6|6.5|7.3|||||||||||||||||||||||||||||||||"21856167"|"64451958"
"C1"||"C"||1||13|||38|||25||0|0|0|0|0|0|100|100|100|100|100|100|100|100|100|95|97.5|100|0.5|1.8|3||0|||0|||0.1|||0.5|||1.2|||50.7||||||||40|47.5|55||||0.5|0.75|1||||1.2|1.4|1.6|||||1.74|||0.42|1|1.4|0.12|0.16|0.2|||||33.5|||27.5|||44||6|7.5|8.9|45|55|65|22|28.5|35|23|32|42|".32"|".32"|0|0|0|0|0|0|0|0|0|0|0|0|20.4|27|33.7||||2|6|10|5.6|6.7|7.8|||||||||||||||||||||||||||||||||"21856163"|"64451953"
"C2"||"C"||2||38|||183|||145||0|0|0|0|0|0|100|100|100|100|100|100|95|97.5|100|85|92.5|100||58.3|||0.3|||1.1|||3.9|||19.6|||33.4|||22.7||||||||10|19|28||||0.5|0.75|1||||1.3|1.48|1.65|||||1.55|||1.4|8|14|0.2|0.21|0.22|||||27.7|||12.3|||41||0|1.5|2.9|25|30|35|5|10|15|2|8|15|".43"|".43"|0|0|0|0|0|0|0|0|0|0|0|0|6.2|12.3|18.8||||2|6|10|5.1|6.8|8.4|||||||||||||||||||||||||||||||||"21856163"|"64451954"
"A"||"A"||||0|||13|||13||0|0|0|0|0|0|100|100|100|100|100|100|100|100|100|95|97.5|100|0.5|1.8|3||0|||0|||0.1|||0.5|||1.2|||50.7||||||||40|47.5|55||||0.5|2.25|4||||1.2|1.35|1.5|||||1.68|||0.42|1|1.4|0.12|0.16|0.2|||||33.9|||28.1|||45||6|7.5|8.9|45|55|65|22|28.5|35|23|32|42|".28"|".28"|0|0|0|0|0|0|0|0|0|0|0|0|20.4|38.8|53.2||||2|6|10|5.6|6.5|7.3|||||||||||||||||||||||||||||||||"21856163"|"64451955"
